 age/yr       logL   logTef grav   logTc  logrho Xc,Yc Xc_C    Xc_O    Q_conv Q_disc  logL_H Q1_H  Q2_H    logL_He Q1_He Q2_He  logL_C logL_nu Q_Tmax stage M Z Y
 0.00000E+00  3.009  4.279  4.268  7.452  1.223  0.706 5.08E-5 8.98E-3 0.2793 0.2323  2.982 0.0000 0.4439  0.000 0.0000 0.0000  0.000  0.000  0.0000  M=6.00  Z=0.019  Y=0.2
 8.35561E+05  2.998  4.276  4.268  7.453  1.214  0.698 5.41E-5 8.02E-3 0.3322 0.3375  3.000 0.0000 0.4331  0.000 0.0000 0.0000  0.000  0.000  0.0000          
 1.82802E+07  3.060  4.263  4.151  7.451  1.175  0.598 9.24E-5 3.46E-3 0.3053 0.3513  3.062 0.0000 0.2735  0.000 0.0000 0.0000  0.000  0.000  0.0000          
 3.20311E+07  3.123  4.252  4.040  7.459  1.169  0.493 1.09E-4 1.87E-3 0.2755 0.3994  3.128 0.0000 0.2512  0.000 0.0000 0.0000  0.000  0.000  0.0000          
 4.28073E+07  3.182  4.239  3.933  7.469  1.174  0.397 1.19E-4 1.19E-3 0.2463 0.4109  3.184 0.0000 0.2304  0.000 0.0000 0.0000  0.000  0.000  0.0000          
 5.12363E+07  3.236  4.222  3.809  7.482  1.189  0.297 1.28E-4 8.22E-4 0.2191 0.4221  3.238 0.0000 0.2078  0.000 0.0000 0.0000  0.000  0.000  0.0000          
 5.78100E+07  3.283  4.199  3.675  7.497  1.219  0.200 1.36E-4 6.27E-4 0.1911 0.4221  3.284 0.0000 0.1852  0.000 0.0000 0.0000  0.000  0.000  0.0000          
 6.29229E+07  3.325  4.171  3.522  7.519  1.277  0.099 1.48E-4 5.09E-4 0.1631 0.4221  3.326 0.0000 0.1597  0.000 0.0000 0.0000  0.000  0.000  0.0000          
 6.50052E+07  3.346  4.159  3.451  7.539  1.334  0.050 1.58E-4 4.65E-4 0.1484 0.4221  3.346 0.0000 0.1484  0.000 0.0000 0.0000  0.000  0.000  0.0000          
 6.57066E+07  3.355  4.156  3.434  7.551  1.370  0.032 1.65E-4 4.50E-4 0.1423 0.4221  3.355 0.0000 0.1440  0.000 0.0000 0.0000  0.000  0.000  0.0000  Te-m    
 6.64624E+07  3.375  4.165  3.449  7.582  1.464  0.010 1.82E-4 4.28E-4 0.1334 0.4221  3.371 0.0000 0.1994  0.000 0.0000 0.0000  0.000  0.000  0.0000          
 6.67571E+07  3.416  4.196  3.532  7.638  1.648  0.001 2.14E-4 4.17E-4 0.1191 0.4221  3.364 0.0000 0.2542  0.000 0.0000 0.0000  0.000  0.000  0.0000          
 6.67849E+07  3.440  4.209  3.558  7.665  1.774  0.000 2.30E-4 4.15E-4 0.0895 0.4221  3.315 0.0000 0.2998  0.000 0.0000 0.0000  0.000  0.000  0.0000          
 6.67940E+07  3.446  4.212  3.566  7.678  1.897  0.000 2.38E-4 4.15E-4 0.0427 0.4221  3.352 0.0000 0.3513  0.000 0.0000 0.0000  0.000  0.000  0.0000  Te-M    
 6.67973E+07  3.441  4.212  3.567  7.675  1.969  0.000 2.42E-4 4.15E-4 0.0000 0.4221  3.432 0.0000 0.3375  0.000 0.0000 0.0000  0.000  0.000  0.0000  Xc=0    
 6.68068E+07  3.404  4.199  3.554  7.660  2.134  0.982 2.42E-4 4.15E-4 0.0000 0.4221  3.504 0.0258 0.3108  0.000 0.0000 0.0000  0.000  0.000  0.0000          
 6.68183E+07  3.393  4.178  3.481  7.663  2.271  0.982 2.42E-4 4.15E-4 0.0000 0.4221  3.497 0.0375 0.2924  0.000 0.0000 0.0000  0.000  0.000  0.0000          
 6.68278E+07  3.407  4.162  3.403  7.668  2.363  0.982 2.42E-4 4.15E-4 0.0000 0.4221  3.500 0.0469 0.2849  0.000 0.0000 0.0000  0.000  0.000  0.0000          
 6.68391E+07  3.424  4.144  3.316  7.676  2.456  0.982 2.42E-4 4.15E-4 0.0000 0.4221  3.506 0.0539 0.2697  0.000 0.0000 0.0000  0.000  0.000  0.0000          
 6.68521E+07  3.436  4.125  3.226  7.687  2.549  0.982 2.42E-4 4.15E-4 0.0000 0.4221  3.509 0.0646 0.2620  0.000 0.0000 0.0000  0.000  0.000  0.0000          
 6.68669E+07  3.443  4.103  3.131  7.700  2.644  0.982 2.42E-4 4.15E-4 0.0000 0.4221  3.510 0.0729 0.2502  0.000 0.0000 0.0000  0.000  0.000  0.0000          
 6.68832E+07  3.445  4.078  3.028  7.715  2.740  0.982 2.42E-4 4.15E-4 0.0000 0.4221  3.510 0.0800 0.2403  0.000 0.0000 0.0000  0.000  0.000  0.0000  L-M     
 6.69007E+07  3.442  4.048  2.914  7.735  2.837  0.982 2.42E-4 4.15E-4 0.0000 0.4221  3.507 0.0876 0.2331  0.000 0.0000 0.0000  0.000  0.000  0.0000          
 6.69099E+07  3.438  4.031  2.850  7.745  2.886  0.982 2.42E-4 4.15E-4 0.0000 0.4221  3.505 0.0915 0.2269  0.000 0.0000 0.0000  0.000  0.000  0.0000          
 6.69193E+07  3.432  4.013  2.781  7.757  2.935  0.982 2.42E-4 4.15E-4 0.0000 0.4221  3.502 0.0955 0.2237  0.000 0.0000 0.0000  0.000  0.000  0.0000          
 6.69288E+07  3.425  3.992  2.706  7.769  2.985  0.982 2.42E-4 4.15E-4 0.0000 0.4221  3.499 0.0994 0.2172  0.000 0.0000 0.0000  0.000  0.000  0.0000          
 6.69384E+07  3.414  3.968  2.622  7.781  3.034  0.982 2.42E-4 4.15E-4 0.0000 0.4221  3.494 0.1029 0.2137  0.000 0.0000 0.0000  0.000  0.000  0.0000          
 6.69481E+07  3.401  3.942  2.529  7.795  3.084  0.982 2.42E-4 4.15E-4 0.0000 0.4221  3.487 0.1063 0.2107  0.000 0.0000 0.0000  0.000  0.000  0.0000          
 6.69579E+07  3.384  3.911  2.424  7.809  3.134  0.982 2.42E-4 4.15E-4 0.0000 0.4221  3.479 0.1095 0.2057  0.000 0.0000 0.0000  0.000  0.000  0.0000          
 6.69676E+07  3.362  3.875  2.301  7.824  3.184  0.982 2.42E-4 4.15E-4 0.0000 0.4221  3.469 0.1127 0.2015  0.000 0.0000 0.0000  0.000  0.000  0.0000          
 6.69774E+07  3.333  3.831  2.155  7.840  3.235  0.982 2.42E-4 4.15E-4 0.0000 0.4221  3.456 0.1191 0.1973  0.000 0.0000 0.0000  0.000  0.000  0.0000          
 6.69870E+07  3.294  3.776  1.971  7.856  3.285  0.982 2.42E-4 4.15E-4 0.0000 0.4221  3.439 0.1218 0.1932  0.000 0.0000 0.0000  0.000  0.000  0.0000          
 6.69967E+07  3.237  3.711  1.769  7.872  3.335  0.982 2.42E-4 4.15E-4 0.0000 0.4221  3.416 0.1245 0.1911  0.000 0.0000 0.0000  0.000  0.000  0.0000          
 6.70062E+07  3.148  3.676  1.719  7.889  3.386  0.982 2.42E-4 4.15E-4 0.0000 0.4221  3.384 0.1276 0.1858  0.000 0.0000 0.0000  0.000  0.000  0.0000          
 6.70110E+07  3.131  3.664  1.690  7.898  3.411  0.982 2.42E-4 4.15E-4 0.0000 0.4221  3.373 0.1292 0.1848  0.000 0.0000 0.0000  0.000  0.000  0.0000  Brg     
 6.70219E+07  3.253  3.641  1.473  7.917  3.468  0.982 2.42E-4 4.15E-4 0.0000 0.4221  3.362 0.1321 0.1816  0.000 0.0000 0.0000  0.000  0.000  0.0000          
 6.70254E+07  3.309  3.635  1.394  7.923  3.486  0.982 2.42E-4 4.15E-4 0.0000 0.4165  3.368 0.1321 0.1806  0.000 0.0000 0.0000  0.000  0.000  0.0000          
 6.70322E+07  3.378  3.628  1.296  7.935  3.520  0.982 2.42E-4 4.15E-4 0.0000 0.3994  3.384 0.1334 0.1795  0.000 0.0000 0.0000  0.000  0.000  0.0000          
 6.70441E+07  3.434  3.622  1.217  7.955  3.579  0.982 2.42E-4 4.15E-4 0.0000 0.3575  3.416 0.1352 0.1785  0.000 0.0000 0.0000  0.000  0.000  0.0000          
 6.70645E+07  3.497  3.617  1.133  7.988  3.678  0.982 2.42E-4 4.15E-4 0.0000 0.3145  3.470 0.1410 0.1775  0.000 0.0000 0.0000  0.000  0.000  0.0000          
 6.70853E+07  3.556  3.611  1.051  8.022  3.776  0.982 2.46E-4 4.15E-4 0.0000 0.2803  3.524 0.1454 0.1759  0.000 0.0000 0.0053  0.000  0.000  0.0000          
 6.71070E+07  3.615  3.607  0.975  8.059  3.876  0.982 3.83E-4 4.15E-4 0.0000 0.2513  3.581 0.1501 0.1754  0.393 0.0000 0.0179  0.000  0.000  0.0000          
 6.71298E+07  3.674  3.602  0.898  8.113  3.926  0.980 2.13E-3 4.16E-4 0.0132 0.2297  3.635 0.1546 0.1754  2.239 0.0000 0.0179  0.000  0.000  0.0000          
 6.71874E+07  3.706  3.600  0.855  8.127  3.793  0.973 8.09E-3 4.26E-4 0.0487 0.2222  3.674 0.1618 0.1797  2.530 0.0000 0.0199  0.000  0.000  0.0000  Tip     
 6.75263E+07  3.648  3.605  0.931  8.135  3.704  0.945 3.36E-2 6.25E-4 0.0649 0.2229  3.604 0.1811 0.1984  2.610 0.0000 0.0239  0.000  0.000  0.0000          
 6.77375E+07  3.587  3.609  1.010  8.140  3.677  0.924 5.21E-2 9.21E-4 0.0702 0.2233  3.528 0.1888 0.2061  2.671 0.0000 0.0292  0.000  0.000  0.0000          
 6.79202E+07  3.524  3.615  1.096  8.144  3.662  0.905 7.04E-2 1.33E-3 0.0724 0.2235  3.448 0.1940 0.2109  2.713 0.0000 0.0293  0.000  0.000  0.0000          
 6.81057E+07  3.457  3.621  1.186  8.147  3.649  0.883 9.07E-2 1.93E-3 0.0761 0.2237  3.359 0.1979 0.2145  2.750 0.0000 0.0293  0.000  0.000  0.0000          
 6.83119E+07  3.391  3.627  1.278  8.151  3.640  0.857 1.16E-1 2.86E-3 0.0773 0.2239  3.265 0.2015 0.2180  2.782 0.0000 0.0293  0.000 -0.609  0.0000          
 6.85848E+07  3.331  3.634  1.363  8.154  3.630  0.820 1.51E-1 4.63E-3 0.0798 0.2245  3.169 0.2048 0.2215  2.816 0.0000 0.0353  0.000 -0.669  0.0000          
 6.91237E+07  3.281  3.644  1.451  8.161  3.617  0.745 2.21E-1 9.88E-3 0.0844 0.2250  3.066 0.2098 0.2296  2.866 0.0000 0.0353  0.000 -0.719  0.0000          
 6.92453E+07  3.280  3.646  1.461  8.162  3.616  0.726 2.37E-1 1.15E-2 0.0846 0.2251  3.056 0.2109 0.2308  2.876 0.0000 0.0353  0.000 -0.720  0.0000  Bhe     
 6.96196E+07  3.317  3.658  1.474  8.166  3.611  0.673 2.85E-1 1.74E-2 0.0884 0.2281  3.089 0.2135 0.2356  2.903 0.0000 0.0353  0.000 -0.683  0.0000          
 6.97419E+07  3.369  3.674  1.483  8.168  3.610  0.654 3.01E-1 1.96E-2 0.0896 0.2294  3.155 0.2144 0.2376  2.911 0.0000 0.0353  0.000 -0.631  0.0000          
 6.98604E+07  3.422  3.707  1.566  8.169  3.609  0.637 3.16E-1 2.20E-2 0.0899 0.2311  3.232 0.2154 0.2408  2.918 0.0000 0.0354  0.000 -0.578  0.0000          
 6.99171E+07  3.442  3.740  1.677  8.170  3.609  0.628 3.24E-1 2.33E-2 0.0899 0.2319  3.262 0.2158 0.2422  2.922 0.0000 0.0354  0.000 -0.558  0.0000          
 6.99670E+07  3.454  3.766  1.767  8.171  3.609  0.620 3.30E-1 2.44E-2 0.0899 0.2327  3.284 0.2164 0.2441  2.926 0.0000 0.0354  0.000 -0.546  0.0000          
 7.00503E+07  3.469  3.796  1.872  8.172  3.609  0.607 3.42E-1 2.64E-2 0.0899 0.2342  3.309 0.2173 0.2456  2.933 0.0000 0.0354  0.000 -0.531  0.0000          
 7.04851E+07  3.464  3.781  1.817  8.178  3.607  0.541 3.95E-1 3.84E-2 0.0936 0.2381  3.300 0.2206 0.2396  2.965 0.0000 0.0406  0.000 -0.536  0.0000          
 7.11417E+07  3.474  3.777  1.790  8.188  3.610  0.438 4.73E-1 6.39E-2 0.0958 0.2424  3.292 0.2243 0.2433  3.012 0.0000 0.0406  0.000 -0.526  0.0000  LpT     
 7.22042E+07  3.486  3.762  1.718  8.211  3.626  0.274 5.67E-1 1.33E-1 0.1039 0.2483  3.261 0.2294 0.2494  3.095 0.0000 0.0445  0.000 -0.514  0.0000          
 7.25727E+07  3.484  3.746  1.658  8.221  3.639  0.217 5.87E-1 1.70E-1 0.1060 0.2495  3.241 0.2312 0.2508  3.124 0.0000 0.0511  0.000 -0.215  0.0000          
 7.27749E+07  3.481  3.731  1.600  8.227  3.649  0.187 5.92E-1 1.95E-1 0.1077 0.2509  3.220 0.2320 0.2515  3.140 0.0000 0.0511  0.000 -0.218  0.0000          
 7.29435E+07  3.475  3.716  1.543  8.233  3.657  0.164 5.93E-1 2.18E-1 0.1093 0.2516  3.200 0.2329 0.2525  3.153 0.0000 0.0511  0.000 -0.224  0.0000          
 7.31005E+07  3.466  3.699  1.488  8.238  3.667  0.143 5.90E-1 2.42E-1 0.1106 0.2516  3.173 0.2336 0.2526  3.165 0.0000 0.0511  0.000 -0.233  0.0000          
 7.32729E+07  3.451  3.684  1.441  8.245  3.680  0.120 5.83E-1 2.71E-1 0.1118 0.2527  3.131 0.2344 0.2527  3.180 0.0000 0.0570  0.000 -0.072  0.0000          
 7.34549E+07  3.425  3.668  1.404  8.253  3.697  0.097 5.71E-1 3.07E-1 0.1128 0.2528  3.063 0.2352 0.2528  3.190 0.0000 0.0570  0.000 -0.098  0.0000          
 7.36334E+07  3.387  3.653  1.380  8.262  3.719  0.074 5.53E-1 3.47E-1 0.1141 0.2536  2.946 0.2359 0.2524  3.203 0.0000 0.0570  0.000 -0.011  0.0000          
 7.40850E+07  3.371  3.638  1.337  8.296  3.810  0.025 4.77E-1 4.73E-1 0.1120 0.2535  2.829 0.2376 0.2516  3.223 0.0000 0.0626  0.000  0.274  0.0000          
 7.43137E+07  3.422  3.628  1.246  8.355  3.997  0.002 4.18E-1 5.55E-1 0.0884 0.2541  2.969 0.2386 0.2499  3.139 0.0000 0.0654  0.000  0.744  0.0000    5.9   
 7.43341E+07  3.456  3.623  1.193  8.392  4.136  0.000 4.13E-1 5.62E-1 0.0356 0.2541  3.067 0.2387 0.2489  2.409 0.0000 0.1409  0.000  1.000  0.0000  Ehe     
 7.43476E+07  3.518  3.618  1.109  8.414  4.318  0.000 4.13E-1 5.62E-1 0.0000 0.2540  3.066 0.2389 0.2482  3.279 0.0480 0.1449  0.000  1.199  0.0000          
 7.44257E+07  3.594  3.610  1.000  8.429  4.730  0.000 4.13E-1 5.62E-1 0.0000 0.2541 -0.105 0.2393 0.2460  3.593 0.0655 0.1481  0.000  1.266  0.0000          
 7.44621E+07  3.665  3.604  0.905  8.445  4.866  0.000 4.13E-1 5.62E-1 0.0000 0.2540  0.000 0.2393 0.2441  3.656 0.0713 0.1505  0.000  1.389  0.0000          
 7.45003E+07  3.724  3.599  0.827  8.465  4.997  0.000 4.13E-1 5.62E-1 0.0000 0.2541  0.000 0.2394 0.0000  3.712 0.0787 0.1506  0.000  1.537  0.0000          
 7.45513E+07  3.793  3.594  0.736  8.492  5.163  0.000 4.13E-1 5.62E-1 0.0000 0.2544  0.000 0.2396 0.0000  3.779 0.0908 0.1524  0.000  1.761  0.0000          
 7.45935E+07  3.850  3.589  0.658  8.515  5.308  0.000 4.13E-1 5.62E-1 0.0000 0.2545  0.000 0.2397 0.0000  3.834 0.1008 0.1525  0.000  2.020  0.0000          
 7.46325E+07  3.912  3.583  0.574  8.540  5.465  0.000 4.13E-1 5.62E-1 0.0000 0.2517  0.000 0.2399 0.0000  3.891 0.1117 0.1544  0.000  2.303  0.0000          
 7.46642E+07  3.971  3.576  0.488  8.563  5.618  0.000 4.13E-1 5.62E-1 0.0000 0.2491  0.000 0.2400 0.0000  3.946 0.1199 0.1553  0.000  2.568  0.0000          
 7.46925E+07  4.030  3.571  0.406  8.583  5.793  0.000 4.13E-1 5.62E-1 0.0000 0.2465  0.000 0.2401 0.0000  3.998 0.1284 0.1563  0.000  2.848  0.0000          
 7.47167E+07  4.088  3.565  0.323  8.597  5.990  0.000 4.13E-1 5.62E-1 0.0000 0.2443  0.000 0.2403 0.0000  4.052 0.1366 0.1573  0.000  3.143  0.0120          
 7.47449E+07  4.147  3.561  0.249  8.574  6.313  0.000 4.13E-1 5.62E-1 0.0000 0.1871  0.000 0.1871 0.0000  4.093 0.1466 0.1585  0.448  3.561  0.0483          
 7.47546E+07  4.203  3.555  0.170  8.540  6.462  0.000 4.13E-1 5.62E-1 0.0000 0.1776  0.000 0.1776 0.0000  4.136 0.1503 0.1592  0.981  3.722  0.0658          
 7.47624E+07  4.259  3.549  0.090  8.493  6.600  0.000 4.13E-1 5.62E-1 0.0000 0.1721  0.000 0.1721 0.0000  4.164 0.1533 0.1598  1.537  3.849  0.0791          
 7.47692E+07  4.316  3.543  0.010  8.438  6.731  0.000 4.13E-1 5.62E-1 0.0000 0.1690  0.000 0.1690 0.0000  4.219 0.1560 0.1608  1.988  3.945  0.0949          
 7.47753E+07  4.371  3.537 -0.071  8.382  6.857  0.000 4.13E-1 5.62E-1 0.0000 0.1670  0.000 0.1670 0.0000  4.285 0.1584 0.1620  2.353  4.011  0.1061          
 7.47818E+07  4.427  3.531 -0.150  8.326  6.989  0.000 4.13E-1 5.62E-1 0.0000 0.1661  0.000 0.1661 0.0000  4.336 0.1612 0.1636  2.667  4.044  0.1188          
 7.47882E+07  4.364  3.538 -0.060  8.283  7.112  0.000 4.13E-1 5.62E-1 0.0000 0.1658  0.000 0.1658 0.1658  4.246 0.1638 0.1654  2.887  4.036  0.1250          
 7.47890E+07  4.299  3.546  0.036  8.278  7.127  0.000 4.13E-1 5.62E-1 0.0000 0.1658  2.144 0.1658 0.1658  4.156 0.1641 0.1655  2.903  4.030  0.1264          
 7.47908E+07  4.355  3.539 -0.049  8.267  7.156  0.000 4.13E-1 5.62E-1 0.0000 0.1659  3.926 0.1659 0.1659  3.854 0.1645 0.1657  2.899  4.013  0.1277          
 7.47964E+07  4.416  3.532 -0.135  8.235  7.235  0.000 4.13E-1 5.62E-1 0.0000 0.1665  4.013 0.1665 0.1665  3.997 0.1655 0.1664  2.469  3.905  0.1349          
 7.47971E+07  4.471  3.526 -0.217  8.231  7.244  0.000 4.13E-1 5.62E-1 0.0000 0.1666  4.201 0.1666 0.1666  3.756 0.1656 0.1665  2.401  3.892  0.1359          
 7.47976E+07  4.543  3.516 -0.327  8.229  7.250  0.000 4.13E-1 5.62E-1 0.0000 0.1666  4.449 0.1666 0.1666  3.582 0.1657 0.1665  2.342  3.879  0.1368          
 7.47980E+07  4.606  3.508 -0.422  8.227  7.254  0.000 4.13E-1 5.62E-1 0.0000 0.1666  4.460 0.1666 0.1667  3.305 0.1657 0.1665  2.296  3.871  0.1368          
 7.47983E+07  4.630  3.505 -0.457  8.225  7.258  0.000 4.13E-1 5.62E-1 0.0000 0.1667  4.484 0.1667 0.1667  3.293 0.1658 0.1666  2.253  3.864  0.1368    5.8   
