 age/yr       logL   logTef grav   logTc  logrho Xc,Yc Xc_C    Xc_O    Q_conv Q_disc  logL_H Q1_H  Q2_H    logL_He Q1_He Q2_He  logL_C logL_nu Q_Tmax stage M Z Y
 0.00000E+00  3.462  4.354  4.241  7.480  1.080  0.707 5.26E-5 9.10E-3 0.3144 0.0000  3.390 0.0000 0.4487  0.000 0.0000 0.0000  0.000  0.000  0.0000  M=8.00  Z=0.019  Y=0.2
 6.66227E+05  3.426  4.348  4.249  7.479  1.064  0.696 6.21E-5 7.76E-3 0.3583 0.3642  3.430 0.0000 0.4410  0.000 0.0000 0.0000  0.000  0.000  0.0000          
 1.00383E+07  3.491  4.335  4.137  7.477  1.026  0.599 1.04E-4 3.22E-3 0.3291 0.3671  3.492 0.0000 0.2880  0.000 0.0000 0.0000  0.000  0.000  0.0000          
 1.74050E+07  3.555  4.326  4.029  7.486  1.020  0.495 1.21E-4 1.66E-3 0.2994 0.3671  3.559 0.0000 0.2685  0.000 0.0000 0.0000  0.000  0.000  0.0000          
 2.32255E+07  3.616  4.313  3.922  7.496  1.025  0.397 1.32E-4 1.02E-3 0.2715 0.3787  3.619 0.0000 0.2515  0.000 0.0000 0.0000  0.000  0.000  0.0000          
 2.77952E+07  3.673  4.297  3.799  7.509  1.042  0.297 1.41E-4 6.98E-4 0.2449 0.3787  3.676 0.0000 0.2279  0.000 0.0000 0.0000  0.000  0.000  0.0000          
 3.13710E+07  3.725  4.275  3.663  7.524  1.073  0.200 1.50E-4 5.36E-4 0.2160 0.3900  3.726 0.0000 0.2037  0.000 0.0000 0.0000  0.000  0.000  0.0000          
 3.41698E+07  3.773  4.248  3.505  7.547  1.132  0.099 1.63E-4 4.41E-4 0.1878 0.3900  3.774 0.0000 0.1791  0.000 0.0000 0.0000  0.000  0.000  0.0000          
 3.53167E+07  3.796  4.235  3.430  7.567  1.190  0.050 1.74E-4 4.05E-4 0.1749 0.3900  3.797 0.0000 0.1676  0.000 0.0000 0.0000  0.000  0.000  0.0000          
 3.57494E+07  3.808  4.232  3.408  7.581  1.233  0.029 1.82E-4 3.91E-4 0.1676 0.3901  3.808 0.0000 0.1641  0.000 0.0000 0.0000  0.000  0.000  0.0000  Te-m    
 3.61245E+07  3.824  4.239  3.421  7.611  1.322  0.010 1.99E-4 3.74E-4 0.1614 0.3901  3.821 0.0000 0.2161  0.000 0.0000 0.0000  0.000  0.000  0.0000          
 3.62927E+07  3.858  4.268  3.503  7.668  1.507  0.001 2.34E-4 3.64E-4 0.1482 0.3901  3.810 0.0000 0.2823  0.000 0.0000 0.0000  0.000  0.000  0.0000          
 3.63085E+07  3.879  4.280  3.530  7.699  1.630  0.000 2.52E-4 3.63E-4 0.1199 0.3901  3.745 0.0000 0.3200  0.000 0.0000 0.0000  0.000  0.000  0.0000          
 3.63154E+07  3.889  4.286  3.542  7.726  1.824  0.000 2.67E-4 3.62E-4 0.0043 0.3901  3.808 0.0000 0.3584  0.000 0.0000 0.0000  0.000  0.000  0.0000  Xc=0    
 3.63155E+07  3.889  4.286  3.542  7.726  1.829  0.982 2.67E-4 3.62E-4 0.0000 0.3901  3.815 0.0082 0.3584  0.000 0.0000 0.0000  0.000  0.000  0.0000  Te-M    
 3.63215E+07  3.852  4.273  3.527  7.724  2.025  0.982 2.67E-4 3.62E-4 0.0000 0.3901  3.946 0.0492 0.3310  0.000 0.0000 0.0000  0.000  0.000  0.0000          
 3.63273E+07  3.839  4.252  3.456  7.732  2.166  0.982 2.67E-4 3.62E-4 0.0000 0.3901  3.941 0.0652 0.3200  0.000 0.0000 0.0000  0.000  0.000  0.0000          
 3.63316E+07  3.848  4.235  3.380  7.743  2.261  0.982 2.67E-4 3.62E-4 0.0000 0.3901  3.947 0.0715 0.3052  0.000 0.0000 0.0000  0.000  0.000  0.0000          
 3.63365E+07  3.862  4.216  3.290  7.755  2.355  0.982 2.67E-4 3.62E-4 0.0000 0.3901  3.956 0.0834 0.2938  0.000 0.0000 0.0000  0.000  0.000  0.0000          
 3.63420E+07  3.874  4.194  3.190  7.771  2.451  0.982 2.67E-4 3.62E-4 0.0000 0.3901  3.963 0.0908 0.2861  0.000 0.0000 0.0000  0.000  0.000  0.0000          
 3.63480E+07  3.882  4.169  3.083  7.788  2.547  0.982 2.67E-4 3.62E-4 0.0000 0.3901  3.966 0.0982 0.2745  0.000 0.0000 0.0000  0.000  0.000  0.0000          
 3.63545E+07  3.886  4.140  2.964  7.807  2.644  0.982 2.67E-4 3.62E-4 0.0000 0.3901  3.968 0.1082 0.2647  0.000 0.0000 0.0000  0.000  0.000  0.0000          
 3.63579E+07  3.886  4.124  2.899  7.818  2.692  0.982 2.67E-4 3.62E-4 0.0000 0.3844  3.969 0.1114 0.2577  0.000 0.0000 0.0000  0.000  0.000  0.0000  L-M     
 3.63614E+07  3.884  4.106  2.829  7.829  2.741  0.982 2.67E-4 3.62E-4 0.0000 0.3844  3.968 0.1146 0.2545  0.000 0.0000 0.0000  0.000  0.000  0.0000          
 3.63650E+07  3.881  4.087  2.754  7.841  2.790  0.982 2.67E-4 3.62E-4 0.0000 0.3844  3.968 0.1199 0.2506  0.000 0.0000 0.0000  0.000  0.000  0.0000          
 3.63687E+07  3.876  4.065  2.671  7.854  2.839  0.982 2.67E-4 3.62E-4 0.0000 0.3844  3.966 0.1231 0.2435  0.000 0.0000 0.0000  0.000  0.000  0.0000          
 3.63724E+07  3.869  4.040  2.580  7.867  2.888  0.982 2.67E-4 3.62E-4 0.0000 0.3844  3.963 0.1262 0.2403  0.000 0.0000 0.0000  0.000  0.000  0.0000          
 3.63762E+07  3.860  4.012  2.476  7.880  2.938  0.982 2.67E-4 3.62E-4 0.0000 0.3844  3.960 0.1293 0.2342  0.000 0.0000 0.0000  0.000  0.000  0.0000          
 3.63800E+07  3.847  3.979  2.358  7.894  2.987  0.982 2.67E-4 3.62E-4 0.0000 0.3844  3.954 0.1324 0.2311  0.000 0.0000 0.0000  0.000  0.000  0.0000          
 3.63839E+07  3.830  3.941  2.221  7.908  3.037  0.982 2.67E-4 3.62E-4 0.0000 0.3844  3.947 0.1395 0.2280  0.000 0.0000 0.0000  0.000  0.000  0.0000          
 3.63879E+07  3.807  3.895  2.060  7.923  3.086  0.982 2.67E-4 3.62E-4 0.0000 0.3844  3.938 0.1412 0.2234  0.000 0.0000 0.0000  0.000  0.000  0.0000          
 3.63916E+07  3.778  3.840  1.868  7.938  3.134  0.982 2.67E-4 3.62E-4 0.0000 0.3844  3.927 0.1447 0.2190  0.000 0.0000 0.0000  0.000  0.000  0.0000          
 3.63938E+07  3.756  3.801  1.737  7.947  3.162  0.982 2.67E-4 3.62E-4 0.0000 0.3844  3.921 0.1465 0.2175  0.000 0.0000 0.0000  0.000  0.000  0.0000          
 3.63954E+07  3.737  3.770  1.629  7.953  3.182  0.982 2.67E-4 3.62E-4 0.0000 0.3844  3.915 0.1482 0.2161  0.000 0.0000 0.0000  0.000  0.000  0.0000          
 3.63968E+07  3.716  3.739  1.527  7.959  3.199  0.982 2.67E-4 3.62E-4 0.0000 0.3844  3.909 0.1482 0.2142  0.000 0.0000 0.0000  0.000  0.000  0.0000          
 3.63980E+07  3.691  3.708  1.430  7.964  3.215  0.982 2.67E-4 3.62E-4 0.0000 0.3844  3.907 0.1500 0.2142  0.000 0.0000 0.0000  0.000  0.000  0.0000          
 3.63992E+07  3.661  3.685  1.369  7.968  3.230  0.982 2.67E-4 3.62E-4 0.0000 0.3844  3.900 0.1500 0.2123  0.000 0.0000 0.0000  0.000  0.000  0.0000          
 3.64014E+07  3.588  3.663  1.352  7.977  3.257  0.982 2.67E-4 3.62E-4 0.0000 0.3844  3.887 0.1526 0.2104  0.000 0.0000 0.0000  0.000  0.000  0.0000          
 3.64035E+07  3.556  3.647  1.321  7.986  3.283  0.982 2.67E-4 3.62E-4 0.0000 0.3844  3.872 0.1526 0.2095  0.000 0.0000 0.0000  0.000  0.000  0.0000  Brg     
 3.64059E+07  3.670  3.626  1.123  7.996  3.312  0.982 2.67E-4 3.62E-4 0.0000 0.3844  3.860 0.1552 0.2069  0.000 0.0000 0.0000  0.000  0.000  0.0000          
 3.64074E+07  3.783  3.615  0.963  8.002  3.331  0.982 2.67E-4 3.62E-4 0.0000 0.3816  3.863 0.1552 0.2061  0.000 0.0000 0.0000  0.000  0.000  0.0000          
 3.64089E+07  3.858  3.608  0.861  8.008  3.350  0.982 2.67E-4 3.62E-4 0.0000 0.3672  3.872 0.1570 0.2053  0.000 0.0000 0.0000  0.000  0.000  0.0000          
 3.64118E+07  3.919  3.602  0.777  8.020  3.385  0.982 2.67E-4 3.62E-4 0.0000 0.3607  3.890 0.1587 0.2044  0.000 0.0000 0.0008  0.000  0.000  0.0000          
 3.64211E+07  3.984  3.597  0.692  8.056  3.492  0.982 2.75E-4 3.62E-4 0.0000 0.3145  3.942 0.1635 0.2020 -0.016 0.0000 0.0131  0.000  0.000  0.0000          
 3.64322E+07  4.045  3.592  0.610  8.103  3.608  0.981 7.61E-4 3.62E-4 0.0002 0.2809  3.999 0.1693 0.2003  1.536 0.0000 0.0265  0.000  0.000  0.0000          
 3.64472E+07  4.103  3.586  0.528  8.154  3.593  0.977 3.77E-3 3.65E-4 0.0421 0.2558  4.046 0.1760 0.2003  3.179 0.0000 0.0247  0.000  0.000  0.0000          
 3.64721E+07  4.114  3.585  0.514  8.154  3.522  0.973 7.50E-3 3.72E-4 0.0596 0.2509  4.067 0.1820 0.2042  3.090 0.0000 0.0301  0.000  0.000  0.0000  Tip     
 3.66792E+07  4.057  3.590  0.590  8.167  3.457  0.936 4.00E-2 6.29E-4 0.0805 0.2518  3.990 0.2054 0.2260  3.194 0.0000 0.0355  0.000  0.000  0.0000          
 3.68131E+07  4.000  3.596  0.670  8.173  3.437  0.903 7.09E-2 1.18E-3 0.0886 0.2523  3.912 0.2142 0.2345  3.259 0.0000 0.0356  0.000  0.000  0.0000          
 3.69348E+07  3.939  3.601  0.750  8.178  3.424  0.870 1.03E-1 2.07E-3 0.0904 0.2529  3.822 0.2204 0.2399  3.304 0.0000 0.0356  0.000  0.000  0.0000          
 3.70588E+07  3.879  3.607  0.831  8.181  3.413  0.834 1.38E-1 3.47E-3 0.0949 0.2534  3.729 0.2248 0.2446  3.341 0.0000 0.0408  0.000  0.000  0.0000          
 3.72287E+07  3.821  3.613  0.913  8.186  3.403  0.785 1.84E-1 6.14E-3 0.0995 0.2540  3.623 0.2297 0.2495  3.380 0.0000 0.0409  0.000 -0.179  0.0000          
 3.75781E+07  3.774  3.623  0.999  8.195  3.395  0.677 2.82E-1 1.56E-2 0.1065 0.2546  3.499 0.2366 0.2597  3.441 0.0000 0.0471  0.000 -0.226  0.0000    7.9   
 3.76377E+07  3.774  3.624  1.006  8.197  3.394  0.659 2.99E-1 1.78E-2 0.1072 0.2547  3.490 0.2379 0.2607  3.450 0.0000 0.0472  0.000 -0.226  0.0000  Bhe     
 3.78442E+07  3.843  3.645  1.017  8.202  3.397  0.589 3.59E-1 2.76E-2 0.1083 0.2578  3.560 0.2411 0.2669  3.478 0.0000 0.0472  0.000 -0.157  0.0000          
 3.78696E+07  3.891  3.665  1.052  8.203  3.397  0.581 3.66E-1 2.88E-2 0.1095 0.2584  3.622 0.2413 0.2684  3.481 0.0000 0.0442  0.000 -0.109  0.0000          
 3.78822E+07  3.913  3.700  1.170  8.203  3.397  0.577 3.69E-1 2.95E-2 0.1097 0.2592  3.657 0.2417 0.2691  3.480 0.0000 0.0442  0.000 -0.087  0.0000          
 3.78949E+07  3.926  3.746  1.340  8.204  3.397  0.573 3.72E-1 3.02E-2 0.1099 0.2592  3.686 0.2417 0.2699  3.481 0.0000 0.0442  0.000 -0.074  0.0000          
 3.79075E+07  3.934  3.780  1.468  8.204  3.398  0.569 3.75E-1 3.09E-2 0.1099 0.2597  3.709 0.2421 0.2710  3.482 0.0000 0.0442  0.000 -0.066  0.0000          
 3.79202E+07  3.939  3.805  1.563  8.205  3.398  0.564 3.79E-1 3.17E-2 0.1104 0.2603  3.724 0.2423 0.2720  3.486 0.0000 0.0442  0.000 -0.061  0.0000          
 3.79362E+07  3.945  3.829  1.650  8.205  3.398  0.559 3.83E-1 3.27E-2 0.1107 0.2612  3.738 0.2425 0.2728  3.487 0.0000 0.0442  0.000 -0.055  0.0000          
 3.79612E+07  3.953  3.854  1.744  8.206  3.398  0.551 3.90E-1 3.42E-2 0.1112 0.2617  3.753 0.2429 0.2743  3.491 0.0000 0.0531  0.000 -0.047  0.0000          
 3.79861E+07  3.959  3.874  1.817  8.207  3.398  0.543 3.96E-1 3.58E-2 0.1115 0.2624  3.764 0.2437 0.2757  3.495 0.0000 0.0531  0.000 -0.041  0.0000          
 3.80114E+07  3.965  3.890  1.877  8.208  3.399  0.535 4.03E-1 3.74E-2 0.1116 0.2640  3.772 0.2441 0.2774  3.500 0.0000 0.0531  0.000 -0.035  0.0000          
 3.80524E+07  3.973  3.911  1.953  8.209  3.399  0.521 4.14E-1 4.03E-2 0.1122 0.2656  3.783 0.2450 0.2783  3.508 0.0000 0.0531  0.000 -0.027  0.0000          
 3.81215E+07  3.979  3.928  2.015  8.212  3.400  0.496 4.34E-1 4.57E-2 0.1122 0.2678  3.791 0.2462 0.2711  3.520 0.0000 0.0531  0.000 -0.021  0.0000          
 3.81434E+07  3.978  3.928  2.016  8.212  3.401  0.488 4.40E-1 4.75E-2 0.1122 0.2679  3.793 0.2471 0.2711  3.523 0.0000 0.0531  0.000 -0.022  0.0000  LpT     
 3.82953E+07  3.976  3.911  1.950  8.218  3.406  0.434 4.79E-1 6.18E-2 0.1142 0.2712  3.779 0.2496 0.2729  3.548 0.0000 0.0531  0.000 -0.024  0.0000          
 3.85764E+07  3.980  3.896  1.883  8.230  3.418  0.340 5.39E-1 9.64E-2 0.1188 0.2746  3.758 0.2534 0.2759  3.588 0.0000 0.0532  0.000 -0.020  0.0000          
 3.88637E+07  3.983  3.878  1.811  8.246  3.441  0.242 5.83E-1 1.50E-1 0.1234 0.2778  3.731 0.2562 0.2795  3.633 0.0000 0.0614  0.000 -0.017  0.0000          
 3.90117E+07  3.983  3.862  1.746  8.255  3.458  0.194 5.94E-1 1.87E-1 0.1253 0.2796  3.711 0.2578 0.2806  3.655 0.0000 0.0614  0.000  0.284  0.0000          
 3.91022E+07  3.980  3.847  1.687  8.262  3.471  0.166 5.95E-1 2.14E-1 0.1269 0.2806  3.694 0.2590 0.2819  3.669 0.0000 0.0614  0.000  0.281  0.0000          
 3.91779E+07  3.978  3.831  1.627  8.268  3.482  0.145 5.90E-1 2.40E-1 0.1285 0.2807  3.678 0.2598 0.2819  3.680 0.0000 0.0693  0.000  0.279  0.0000          
 3.92440E+07  3.974  3.814  1.562  8.274  3.494  0.125 5.85E-1 2.65E-1 0.1293 0.2820  3.661 0.2606 0.2820  3.690 0.0000 0.0693  0.000  0.275  0.0000          
 3.92923E+07  3.970  3.798  1.503  8.278  3.505  0.111 5.79E-1 2.85E-1 0.1297 0.2820  3.646 0.2611 0.2820  3.696 0.0000 0.0693  0.000  0.271  0.0000          
 3.93390E+07  3.965  3.779  1.432  8.283  3.516  0.098 5.71E-1 3.05E-1 0.1301 0.2821  3.629 0.2615 0.2821  3.702 0.0000 0.0693  0.000  0.442  0.0000          
 3.93938E+07  3.955  3.747  1.311  8.289  3.530  0.083 5.60E-1 3.32E-1 0.1312 0.2821  3.600 0.2622 0.2821  3.710 0.0000 0.0693  0.000  0.432  0.0000          
 3.94237E+07  3.948  3.723  1.223  8.292  3.538  0.076 5.52E-1 3.47E-1 0.1315 0.2821  3.580 0.2625 0.2821  3.714 0.0000 0.0693  0.000  0.425  0.0000          
 3.94545E+07  3.935  3.688  1.096  8.295  3.547  0.069 5.43E-1 3.63E-1 0.1318 0.2832  3.548 0.2628 0.2822  3.718 0.0000 0.0693  0.000  0.537  0.0000          
 3.94760E+07  3.926  3.670  1.032  8.296  3.547  0.068 5.38E-1 3.69E-1 0.1318 0.2832  3.524 0.2629 0.2822  3.722 0.0000 0.0693  0.000  0.528  0.0000          
 3.95046E+07  3.898  3.652  0.988  8.300  3.557  0.060 5.28E-1 3.86E-1 0.1327 0.2833  3.469 0.2632 0.2817  3.725 0.0000 0.0768  0.000  0.500  0.0000          
 3.95250E+07  3.864  3.639  0.971  8.303  3.566  0.054 5.22E-1 3.98E-1 0.1328 0.2828  3.390 0.2635 0.2817  3.724 0.0000 0.0768  0.000  0.563  0.0000          
 3.95521E+07  3.836  3.625  0.942  8.307  3.576  0.049 5.12E-1 4.14E-1 0.1332 0.2829  3.257 0.2637 0.2806  3.731 0.0000 0.0768  0.000  0.614  0.0000          
 3.97407E+07  3.871  3.612  0.857  8.356  3.718  0.008 4.22E-1 5.45E-1 0.1279 0.2833  3.255 0.2654 0.2793  3.732 0.0000 0.0769  0.000  0.950  0.0000          
 3.97823E+07  3.923  3.605  0.775  8.426  3.957  0.000 3.99E-1 5.75E-1 0.0489 0.2834  3.439 0.2659 0.2772  2.996 0.0000 0.1650  0.000  1.467  0.0000  Ehe     
 3.98115E+07  3.984  3.599  0.689  8.479  4.423  0.000 4.00E-1 5.75E-1 0.0000 0.2835  1.607 0.2663 0.2756  3.986 0.0751 0.1730  0.000  1.822  0.0000          
 3.98232E+07  4.055  3.592  0.590  8.497  4.552  0.000 4.00E-1 5.75E-1 0.0000 0.2836  0.055 0.2663 0.2737  4.046 0.0819 0.1731  0.000  1.941  0.0000          
 3.98351E+07  4.111  3.586  0.512  8.517  4.676  0.000 4.00E-1 5.75E-1 0.0000 0.2836  0.000 0.2664 0.2719  4.094 0.0877 0.1731  0.000  2.084  0.0000          
 3.98535E+07  4.176  3.580  0.423  8.552  4.858  0.000 4.00E-1 5.75E-1 0.0000 0.2837  0.000 0.2664 0.0000  4.154 0.0977 0.1732  0.000  2.335  0.0000          
 3.98757E+07  4.241  3.574  0.332  8.598  5.085  0.000 4.00E-1 5.75E-1 0.0000 0.2819  0.000 0.2666 0.0000  4.216 0.1120 0.1709  0.000  2.687  0.0000          
 3.98985E+07  4.302  3.567  0.244  8.649  5.365  0.000 4.00E-1 5.75E-1 0.0000 0.2768  0.000 0.2667 0.0000  4.272 0.1265 0.1710  0.000  3.132  0.0000          
 3.99185E+07  4.362  3.561  0.161  8.706  5.750  0.000 4.00E-1 5.75E-1 0.0000 0.2736  0.000 0.2669 0.0000  4.323 0.1390 0.1683  1.508  3.723  0.0000          
 3.99271E+07  4.386  3.559  0.127  8.746  6.025  0.000 4.00E-1 5.75E-1 0.0000 0.2710  0.000 0.2671 0.0000  4.338 0.1457 0.1663  3.657  4.137  0.0014    7.8   
