 age/yr       logL   logTef grav   logTc  logrho Xc,Yc Xc_C    Xc_O    Q_conv Q_disc  logL_H Q1_H  Q2_H    logL_He Q1_He Q2_He  logL_C logL_nu Q_Tmax stage M Z Y
 0.00000E+00  1.659  3.664  2.383  8.070  4.306  0.927 5.40E-2 1.34E-3 0.1436 0.4746  1.481 0.4704 0.5097  1.203 0.0000 0.0535  0.000 -2.040  0.0000  M=1.00  Z=0.019  Y=0.2
 2.02039E+06  1.689  3.660  2.337  8.071  4.308  0.899 8.00E-2 2.52E-3 0.1482 0.4848  1.518 0.4704 0.4877  1.213 0.0000 0.0528  0.000 -2.010  0.0000          
 5.19786E+06  1.700  3.659  2.320  8.073  4.304  0.865 1.12E-1 4.70E-3 0.1533 0.4868  1.523 0.4704 0.4898  1.227 0.0000 0.0581  0.000 -1.999  0.0000  Te-m    
 1.14621E+07  1.694  3.660  2.329  8.077  4.293  0.797 1.72E-1 1.14E-2 0.1640 0.4908  1.498 0.4704 0.4990  1.257 0.0000 0.0605  0.000 -1.828  0.0000          
 2.18578E+07  1.685  3.661  2.344  8.083  4.275  0.698 2.53E-1 2.73E-2 0.1809 0.4969  1.450 0.4723 0.5052  1.306 0.0000 0.0605  0.000 -1.838  0.0000          
 3.32387E+07  1.678  3.662  2.356  8.091  4.257  0.599 3.26E-1 5.14E-2 0.1953 0.5026  1.398 0.4767 0.5110  1.356 0.0000 0.0744  0.000 -1.720  0.0000          
 4.40305E+07  1.672  3.663  2.365  8.100  4.245  0.499 3.93E-1 8.44E-2 0.1952 0.5081  1.339 0.4803 0.5163  1.404 0.0000 0.0744  0.000 -1.629  0.0000          
 5.48936E+07  1.669  3.664  2.372  8.110  4.236  0.398 4.48E-1 1.30E-1 0.1962 0.5118  1.267 0.4835 0.5203  1.451 0.0000 0.0880  0.000 -1.553  0.0000          
 6.55607E+07  1.670  3.664  2.372  8.120  4.234  0.305 4.84E-1 1.86E-1 0.1952 0.5163  1.196 0.4861 0.5235  1.492 0.0000 0.0880  0.000 -1.427  0.0000  Te-M    
 6.61199E+07  1.670  3.664  2.372  8.121  4.234  0.300 4.86E-1 1.90E-1 0.1945 0.5163  1.192 0.4861 0.5235  1.495 0.0000 0.0880  0.000 -1.427  0.0000          
 7.76362E+07  1.679  3.664  2.360  8.136  4.246  0.200 5.00E-1 2.76E-1 0.1937 0.5194  1.116 0.4888 0.5260  1.540 0.0000 0.0880  0.000 -1.242  0.0000          
 9.17487E+07  1.709  3.662  2.323  8.161  4.289  0.099 4.53E-1 4.24E-1 0.1891 0.5226  1.096 0.4916 0.5269  1.586 0.0000 0.0999  0.000 -0.969  0.0000          
 1.00482E+08  1.747  3.659  2.270  8.185  4.347  0.047 3.80E-1 5.49E-1 0.1920 0.5235  1.179 0.4937 0.5226  1.611 0.0000 0.1027  0.000 -0.731  0.0000          
 1.07847E+08  1.845  3.647  2.127  8.227  4.477  0.010 2.70E-1 6.96E-1 0.1753 0.5245  1.442 0.4961 0.5189  1.611 0.0000 0.1129  0.000 -0.390  0.0000          
 1.10106E+08  1.981  3.639  1.956  8.270  4.643  0.001 2.27E-1 7.48E-1 0.1408 0.5245  1.735 0.4980 0.5154  1.428 0.0000 0.2043  0.000 -0.081  0.0000          
 1.10241E+08  2.040  3.635  1.879  8.285  4.728  0.000 2.25E-1 7.51E-1 0.0808 0.5245  1.831 0.4982 0.5141  1.019 0.0000 0.2539  0.000  0.022  0.0000          
 1.10313E+08  2.087  3.630  1.818  8.286  4.801  0.000 2.24E-1 7.51E-1 0.0000 0.5245  1.891 0.4982 0.5132  0.333 0.0000 0.2702  0.000  0.070  0.0000  Yc=0    
 1.10387E+08  2.150  3.625  1.735  8.288  4.885  0.000 2.24E-1 7.51E-1 0.0000 0.5243  1.974 0.4984 0.5121  0.605 0.0168 0.2872  0.000  0.137  0.0000          
 1.10469E+08  2.220  3.620  1.644  8.293  4.964  0.000 2.24E-1 7.51E-1 0.0000 0.5243  2.064 0.4988 0.5114  1.069 0.0332 0.3035  0.000  0.211  0.0000          
 1.10577E+08  2.267  3.617  1.586  8.288  5.029  0.000 2.24E-1 7.51E-1 0.0000 0.5243  2.120 0.4993 0.5112  1.687 0.0511 0.3077  0.000  0.221  0.0000  L-M     
 1.10777E+08  2.197  3.621  1.673  8.261  5.078  0.000 2.24E-1 7.51E-1 0.0000 0.5243  1.979 0.5004 0.5125  1.778 0.0590 0.3161  0.000  0.105  0.0000          
 1.11338E+08  2.136  3.626  1.754  8.222  5.165  0.000 2.24E-1 7.51E-1 0.0000 0.5243  1.737 0.5017 0.5141  1.909 0.0681 0.3239  0.000  0.039  0.0000          
 1.12221E+08  2.113  3.628  1.782  8.191  5.239  0.000 2.24E-1 7.51E-1 0.0000 0.5243  1.409 0.5027 0.5147  2.017 0.0739 0.3275  0.000  0.000  0.0000  L-m     
 1.15241E+08  2.192  3.622  1.679  8.153  5.375  0.000 2.24E-1 7.51E-1 0.0000 0.5245  0.885 0.5039 0.5143  2.169 0.1000 0.3564  0.000  0.100  0.0590          
 1.16640E+08  2.255  3.618  1.600  8.150  5.439  0.000 2.24E-1 7.51E-1 0.0000 0.5245  0.687 0.5042 0.5136  2.242 0.1235 0.3677  0.000  0.195  0.1000          
 1.17844E+08  2.330  3.609  1.492  8.150  5.506  0.000 2.24E-1 7.51E-1 0.0000 0.5244  0.473 0.5044 0.5130  2.321 0.1540 0.3830  0.000  0.294  0.1141          
 1.18783E+08  2.407  3.604  1.395  8.149  5.571  0.000 2.24E-1 7.51E-1 0.0000 0.5244  0.326 0.5046 0.5123  2.398 0.1832 0.3985  0.000  0.398  0.1235          
 1.19606E+08  2.489  3.598  1.289  8.148  5.643  0.000 2.24E-1 7.51E-1 0.0000 0.5244  0.370 0.5047 0.5114  2.478 0.1947 0.4138  0.000  0.519  0.1328          
 1.20256E+08  2.563  3.592  1.189  8.145  5.716  0.000 2.24E-1 7.51E-1 0.0000 0.5244  0.741 0.5049 0.5109  2.544 0.2539 0.4310  0.000  0.649  0.1500          
 1.20717E+08  2.624  3.585  1.098  8.140  5.780  0.000 2.24E-1 7.51E-1 0.0000 0.5244  1.237 0.5054 0.5106  2.590 0.3068 0.4437  0.000  0.764  0.1664          
 1.21055E+08  2.680  3.579  1.020  8.132  5.832  0.000 2.24E-1 7.51E-1 0.0000 0.5244  1.639 0.5060 0.5105  2.620 0.3280 0.4537  0.000  0.848  0.1756          
 1.21303E+08  2.738  3.573  0.937  8.124  5.875  0.000 2.24E-1 7.51E-1 0.0000 0.5244  2.019 0.5067 0.5106  2.626 0.3453 0.4615  0.000  0.917  0.1904          
 1.21496E+08  2.796  3.566  0.855  8.115  5.910  0.000 2.24E-1 7.51E-1 0.0000 0.5244  2.255 0.5078 0.5108  2.627 0.3592 0.4680  0.000  0.969  0.2049          
 1.21663E+08  2.856  3.562  0.775  8.107  5.942  0.000 2.24E-1 7.51E-1 0.0000 0.5243  2.450 0.5084 0.5111  2.615 0.3707 0.4740  0.000  1.011  0.2118          
 1.21819E+08  2.916  3.558  0.700  8.097  5.971  0.000 2.24E-1 7.51E-1 0.0000 0.5240  2.593 0.5094 0.5118  2.611 0.3808 0.4779  0.000  1.043  0.2249          
 1.21949E+08  2.968  3.549  0.614  8.087  5.995  0.000 2.24E-1 7.51E-1 0.0000 0.5233  2.702 0.5107 0.5126  2.604 0.3883 0.4811  0.000  1.068  0.2319          
 1.22079E+08  3.021  3.543  0.533  8.076  6.018  0.000 2.24E-1 7.51E-1 0.0000 0.5227  2.796 0.5117 0.5135  2.603 0.3960 0.4852  0.000  1.086  0.2390          
 1.22215E+08  3.077  3.537  0.455  8.064  6.042  0.000 2.24E-1 7.51E-1 0.0000 0.5228  2.887 0.5131 0.5148  2.598 0.4030 0.4883  0.000  1.099  0.2539          
 1.22357E+08  3.130  3.529  0.373  8.051  6.067  0.000 2.24E-1 7.51E-1 0.0000 0.5228  2.967 0.5150 0.5165  2.596 0.4101 0.4926  0.000  1.112  0.2627          
 1.22510E+08  3.184  3.523  0.293  8.036  6.092  0.000 2.24E-1 7.51E-1 0.0000 0.5227  3.042 0.5174 0.5187  2.605 0.4179 0.4969  0.000  1.119  0.2746          
 1.22673E+08  3.242  3.518  0.216  8.021  6.119  0.000 2.24E-1 7.51E-1 0.0000 0.5227  3.117 0.5204 0.5215  2.599 0.4260 0.5015  0.000  1.128  0.2950          
 1.22745E+08  3.287  3.509  0.133  8.015  6.132  0.000 2.24E-1 7.51E-1 0.0000 0.5228  3.187 0.5219 0.5229  2.546 0.4299 0.5041  0.000  1.132  0.3015  C=0.5223
