   1.0000000000000000        1.5407664494666289E-036
   1.1000000014901161        1.8371391464846408E-036
   1.2000000029802322        2.2016367418625560E-036
   1.3000000044703484        2.5992453383943094E-036
   1.4000000059604645        3.0299683440377663E-036
   1.5000000074505806        3.4400572410044280E-036
   1.6000000089406967        3.9329290218417883E-036
   1.7000000104308128        4.4589146736922417E-036
   1.8000000119209290        4.9536827140323018E-036
   1.9000000134110451        5.5418173204428621E-036
   2.0000000149011612        6.1630657978665155E-036
   2.1000000163912773        6.7425126228475671E-036
   2.2000000178813934        7.4259100548313274E-036
   2.3000000193715096        8.1424213578281808E-036
   2.4000000208616257        8.8065469674502239E-036
   2.5000000223517418        9.5852079424719979E-036
   2.6000000238418579        1.0396982071042051E-035
   2.7000000253319740        1.1145785747840272E-035
   2.8000000268220901        1.2019710265900060E-035
   2.9000000283122063        1.2926747220043313E-035
   3.0000000298023224        1.3760228964017712E-035
   3.1000000312924385        1.4729416307650700E-035
   3.2000000327825546        1.5731716087367153E-035
   3.3000000342726707        1.6649877333447357E-035
   3.4000000357627869        1.7714328220118358E-035
   3.5000000372529030        1.8811891542872826E-035
   3.6000000387430191        1.9942567301710758E-035
   3.7000000402331352        2.0974443850908595E-035
   3.8000000417232513        2.2167269281771448E-035
   3.9000000432133675        2.3393208583647395E-035
   4.0000000447034836        2.4509763200021409E-035
   4.1000000461935997        2.5797853608851904E-035
   4.2000000476837158        2.7119056453765864E-035
   4.3000000491738319        2.8320290572245684E-035
   4.4000000506639481        2.9703640219325309E-035
   4.5000000521540642        3.1120108042206911E-035
   4.6000000536441803        3.2406020227862908E-035
   4.7000000551342964        3.3884634852910175E-035
   4.8000000566244125        3.5396361914040908E-035
   4.9000000581145287        3.6766952166873083E-035
   5.0000000596046448        3.8340831769887991E-035
   5.1000000610947609        3.9947823808986366E-035
   5.2000000625848770        4.1403092128994718E-035
   5.3000000640749931        4.3072233840118013E-035
   5.4000000655651093        4.4774487987324773E-035
   5.5000000670552254        4.6314434374509304E-035
   5.6000000685453415        4.8078841063600240E-035
   5.7000000700354576        4.9876357318915386E-035
   5.8000000715255737        5.1500984643135349E-035
   5.9000000730156898        5.3360653440334671E-035
   6.0000000745058060        5.5253428933898949E-035
   6.1000000759959221        5.7179322603265203E-035
   6.2000000774860382        5.8917665230602799E-035
   6.3000000789761543        6.0905708571993973E-035
   6.4000000804662704        6.2926864349468612E-035
   6.5000000819563866        6.4749885043982386E-035
   6.6000000834465027        6.6833196233200456E-035
   6.7000000849366188        6.8949614118783482E-035
   6.8000000864267349        7.0857312880473433E-035
   6.9000000879168510        7.3035880438081380E-035
   7.0000000894069672        7.5247566171491302E-035
   7.1000000908970833        7.7239943000357431E-035
   7.2000000923871994        7.9513772666073764E-035
   7.3000000938773155        8.1820720507592072E-035
   7.4000000953674316        8.3897775403634379E-035
   7.5000000968575478        8.6266872917177608E-035
   7.6000000983476639        8.8669077127085793E-035
   7.7000000998377800        9.0830815830022788E-035
   7.8000001013278961        9.3295175451674403E-035
   7.9000001028180122        9.5792641769690974E-035
   8.0000001043081284        9.8039052800085636E-035
   8.1000001057982445        1.0059868026956415E-034
   8.2000001072883606        1.0319141443540761E-034
   8.3000001087784767        1.0581726677705306E-034
   8.4000001102685928        1.0817739311056535E-034
   8.5000001117587090        1.1086538364479870E-034
   8.6000001132488251        1.1358650383427104E-034
   8.7000001147389412        1.1603130249524100E-034
   8.8000001162290573        1.1881456087730124E-034
   8.9000001177191734        1.2163093743516345E-034
   9.0000001192092896        1.2416043138246512E-034
   9.1000001206994057        1.2703894613291524E-034
   9.2000001221895218        1.2995059053860435E-034
   9.3000001236796379        1.3256474533392667E-034
   9.4000001251697540        1.3553853941164070E-034
   9.5000001266598701        1.3854544018571969E-034
   9.6000001281499863        1.4124427878793670E-034
   9.7000001296401024        1.4431332923404060E-034
   9.8000001311302185        1.4741549785594649E-034
   9.9000001326203346        1.5019900878562116E-034
   10.000000134110451        1.5336332707955197E-034
   10.100000135600567        1.5656075206984773E-034
   10.200000137090683        1.5942895828585411E-034
   10.300000138580799        1.6268853294817479E-034
   10.400000140070915        1.6598121430686043E-034
   10.500000141561031        1.6930701384134804E-034
   10.600000143051147        1.7228893536047205E-034
   10.700000144541264        1.7567688456698458E-034
   10.800000146031380        1.7909795194929909E-034
   10.900000147521496        1.8216454579588077E-034
   11.000000149011612        1.8564776285022020E-034
   11.100000150501728        1.8916408660092459E-034
   11.200000151991844        1.9231536425440096E-034
   11.300000153481960        1.9589383767713026E-034
   11.400000154972076        1.9950542927566154E-034
   11.500000156462193        2.0274139073603260E-034
   11.600000157952309        2.0641513200658880E-034
   11.700000159442425        2.1012197997350996E-034
   11.800000160932541        2.1344261376133869E-034
   11.900000162422657        2.1721161140028476E-034
   12.000000163912773        2.2101371573559580E-034
   12.100000165402889        2.2441904480975623E-034
   12.200000166893005        2.2828329881709218E-034
   12.300000168383121        2.3218068247966713E-034
   12.400000169873238        2.3567066092241119E-034
   12.500000171363354        2.3963019425701106E-034
   12.600000172853470        2.4362283428797589E-034
   12.700000174343586        2.4719750801705166E-034
   12.800000175833702        2.5125229772004141E-034
   12.900000177323818        2.5534021707827015E-034
   13.000000178813934        2.5946122017398981E-034
   13.100000180304050        2.6314960920618321E-034
   13.200000181794167        2.6733278493280182E-034
   13.300000183284283        2.7154906735578540E-034
   13.400000184774399        2.7532210575656243E-034
   13.500000186264515        2.7960053785157092E-034
   13.600000187754631        2.8391209960181841E-034
   13.700000189244747        2.8776983328892715E-034
   13.800000190734863        2.9214352175232552E-034
   13.900000192224979        2.9655033987096289E-034
   14.000000193715096        3.0049274588552929E-034
   14.100000195205212        3.0496171367619158E-034
   14.200000196695328        3.0946378816321882E-034
   14.300000198185444        3.1349086650524289E-034
   14.400000199675560        3.1805509066429506E-034
   14.500000201165676        3.2265242151971218E-034
   14.600000202655792        3.2676419514806796E-034
   14.700000204145908        3.3142369863438403E-034
   14.800000205636024        3.3611628585819103E-034
   14.900000207126141        3.4031273181400448E-034
   15.000000208616257        3.4506749166871043E-034
   15.100000210106373        3.4985533526090731E-034
   15.200000211596489        3.5467630850834317E-034
   15.300000213086605        3.5898649272614829E-034
   15.400000214576721        3.6386961564560908E-034
   15.500000216066837        3.6878584526143482E-034
   15.600000217556953        3.7318070180669761E-034
   15.700000219047070        3.7815908109454828E-034
   15.800000220537186        3.8317056707876390E-034
   15.900000222027302        3.8765011891035839E-034
   16.000000223517418        3.9272375456659893E-034
   16.100000225007534        3.9783049691920443E-034
   16.200000226497650        4.0239472107825659E-034
   16.300000227987766        4.0756363606176105E-034
   16.400000229477882        4.1276565774163046E-034
   16.500000230967999        4.1741455422814029E-034
   16.600000232458115        4.2267870262116058E-034
   16.700000233948231        4.2797600362829391E-034
   16.800000235438347        4.3270957244226141E-034
   16.900000236928463        4.3806900016254562E-034
   17.000000238418579        4.4346153457919478E-034
   17.100000239908695        4.4827977572061995E-034
   17.200000241398811        4.5373448276816808E-034
   17.300000242888927        4.5922229651208116E-034
   17.400000244379044        4.6412520998096399E-034
   17.500000245869160        4.6967519635577603E-034
   17.600000247359276        4.7525828942695303E-034
   17.700000248849392        4.8087444327674690E-034
   17.800000250339508        4.8589109500762141E-034
   17.900000251829624        4.9156942148831424E-034
   18.000000253319740        4.9728090058312011E-034
   18.100000254809856        5.0238217872370421E-034
   18.200000256299973        5.0815578453166096E-034
   18.300000257790089        5.1396249703598266E-034
   18.400000259280205        5.1914849342177251E-034
   18.500000260770321        5.2501737855699317E-034
   18.600000262260437        5.3091937038857879E-034
   18.700000263750553        5.3619003910182630E-034
   18.800000265240669        5.4215415764656281E-034
   18.900000266730785        5.4815138288766426E-034
   19.000000268220901        5.5350672392836944E-034
   19.100000269711018        5.5956612180036986E-034
   19.200000271201134        5.6565862636873523E-034
   19.300000272691250        5.7109868565464616E-034
   19.400000274181366        5.7725331693616241E-034
   19.500000275671482        5.8344110083179170E-034
   19.600000277161598        5.8896578652741222E-034
   19.700000278651714        5.9521569713619239E-034
   19.800000280141830        6.0149876035908559E-034
   19.900000281631947        6.0781488436059568E-034
   20.000000283122063        6.1345330831820786E-034
   20.100000284612179        6.1983160495061691E-034
   20.200000286102295        6.2624300827939091E-034
   20.300000287592411        6.3196610456446076E-034
   20.400000289082527        6.3843968052413372E-034
   20.500000290572643        6.4494631726242355E-034
   20.600000292062759        6.5075413179269915E-034
   20.700000293552876        6.5732294116188795E-034
   20.800000295042992        6.6392485722744170E-034
   20.900000296533108        6.6981734408517497E-034
   21.000000298023224        6.7648138686387960E-034
   21.100000299513340        6.8317862817444535E-034
   21.200000301003456        6.8915574144188821E-034
   21.300000302493572        6.9591510946560483E-034
   21.400000303983688        7.0270753826793834E-034
   21.500000305473804        7.0876936978058694E-034
   21.600000306963921        7.1562397121381941E-034
   21.700000308454037        7.2251167934341683E-034
   21.800000309944153        7.2865818318352310E-034
   21.900000311434269        7.3560806394401948E-034
   22.000000312924385        7.4259105140088081E-034
   22.100000314414501        7.4960714555410711E-034
   22.200000315904617        7.5586734173845697E-034
   22.300000317394733        7.6294560852258222E-034
   22.400000318884850        7.7005693608532435E-034
   22.500000320374966        7.7640180459713189E-034
   22.600000321865082        7.8357535070852105E-034
   22.700000323355198        7.9078195759852710E-034
   22.800000324845314        7.9721154435554038E-034
   22.900000326335430        8.0448032387644538E-034
   23.000000327825546        8.1178216417596726E-034
   23.100000329315662        8.1829642326043821E-034
   23.200000330805779        8.2566052802635521E-034
   23.300000332295895        8.3305760173539293E-034
   23.400000333786011        8.3965653314732155E-034
   23.500000335276127        8.4711587132275438E-034
   23.600000336766243        8.5460827027680410E-034
   23.700000338256359        8.6129187401619038E-034
   23.800000339746475        8.6884644560113905E-034
   23.900000341236591        8.7643407796470460E-034
   24.000000342726707        8.8320235403154856E-034
   24.100000344216824        8.9085225086150922E-034
   24.200000345706940        8.9853511663459061E-034
   24.300000347197056        9.0538815686438839E-034
   24.400000348687172        9.1313319526836874E-034
   24.500000350177288        9.2091138628646212E-034
   24.600000351667404        9.2872272991866853E-034
   24.700000353157520        9.3568937065721375E-034
   24.800000354647636        9.4356288692031912E-034
   24.900000356137753        9.5146946396204138E-034
   25.000000357627869        9.5852077702804426E-034
   25.100000359117985        9.6648952670066547E-034
   25.200000360608101        9.7449133715190356E-034
   25.300000362098217        9.8162741438086027E-034
   25.400000363588333        9.8969139746299732E-034
   25.500000365078449        9.9778853315924740E-034
   25.600000366568565        1.0050091908801656E-033
   25.700000368058681        1.0131684992073147E-033
   25.800000369548798        1.0213608683130806E-033
   25.900000371038914        1.0286661983614565E-033
   26.000000372529030        1.0369207400981214E-033
   26.100000374019146        1.0452083426134031E-033
   26.200000375509262        1.0525984368247328E-033
   26.300000376999378        1.0609482119709135E-033
   26.400000378489494        1.0693311397312073E-033
   26.500000379979610        1.0768058144344985E-033
   26.600000381469727        1.0852509148256912E-033
   26.700000382959843        1.0937290759955008E-033
   26.800000384449959        1.1022402979439273E-033
   26.900000385940075        1.1098287568269583E-033
   27.000000387430191        1.1184021514062837E-033
   27.100000388920307        1.1270086985997222E-033
   27.200000390410423        1.1346818298102108E-033
   27.300000391900539        1.1433505496345482E-033
   27.400000393390656        1.1520523302375025E-033
   27.500000394880772        1.1598101337754488E-033
   27.600000396370888        1.1685740870093021E-033
   27.700000397861004        1.1773711928572684E-033
   27.800000399351120        1.1852136687226723E-033
   27.900000400841236        1.1940728553660414E-033
   28.000000402331352        1.2029651946235236E-033
   28.100000403821468        1.2108923428163852E-033
   28.200000405311584        1.2198468547047663E-033
   28.300000406801701        1.2288344273717643E-033
   28.400000408291817        1.2368462478920836E-033
   28.500000409781933        1.2458959931899805E-033
   28.600000411272049        1.2549788911019905E-033
   28.700000412762165        1.2630753839497675E-033
   28.800000414252281        1.2722203626571802E-033
   28.900000415742397        1.2813984939787060E-033
   29.000000417232513        1.2895797509894368E-033
   29.100000418722630        1.2988199631063654E-033
   29.200000420212746        1.3080933278374071E-033
   29.300000421702862        1.3173998451825617E-033
   29.400000423192978        1.3256947945375361E-033
   29.500000424683094        1.3350633926780936E-033
   29.600000426173210        1.3444651434327641E-033
   29.700000427663326        1.3528447651151962E-033
   29.800000429153442        1.3623086885007657E-033
   29.900000430643559        1.3718056726649520E-033
   30.000000432133675        1.3802699666748417E-033
   30.100000433623791        1.3898291234699270E-033
   30.200000435113907        1.3994213410436292E-033
   30.300000436604023        1.4079703073809766E-033
   30.400000438094139        1.4176247894210739E-033
   30.500000439584255        1.4273123322397881E-033
   30.600000441074371        1.4359459709045932E-033
   30.700000442564487        1.4456955945187101E-033
   30.800000444054604        1.4554784625824363E-033
   30.900000445544720        1.4641967735746991E-033
   31.000000447034836        1.4740417224338280E-033
   31.100000448524952        1.4839198239070700E-033
   31.200000450015068        1.4927228072267904E-033
   31.300000451505184        1.5026629894954353E-033
   31.400000452995300        1.5126363243781931E-033
   31.500000454485416        1.5226427200395678E-033
   31.600000455975533        1.5315594875390280E-033
   31.700000457465649        1.5416281476667978E-033
   31.800000458955765        1.5517296849021922E-033
   31.900000460445881        1.5607312165646062E-033
   32.000000461935997        1.5708950182663957E-033
   32.100000463426113        1.5810920644177944E-033
   32.200000464916229        1.5901780847366738E-033
   32.300000466406345        1.6004372116834753E-033
   32.400000467896461        1.6107293994088937E-033
   32.500000469386578        1.6199000920552307E-033
   32.600000470876694        1.6302545442470442E-033
   32.700000472366810        1.6406420572174746E-033
   32.800000473856926        1.6498974221912692E-033
   32.900000475347042        1.6603470159571024E-033
   33.000000476837158        1.6708298541725448E-033
   33.100000478327274        1.6801698914737972E-033
   33.200000479817390        1.6907148104846423E-033
   33.300000481307507        1.7012927902741044E-033
   33.400000482797623        1.7107176835738067E-033
   33.500000484287739        1.7213577441586716E-033
   33.600000485777855        1.7320310491931456E-033
   33.700000487267971        1.7427375986772289E-033
   33.800000488758087        1.7522760006501825E-033
   33.900000490248203        1.7630446309296685E-033
   34.000000491738319        1.7738461383167791E-033
   34.100000493228436        1.7834693962881827E-033
   34.200000494718552        1.7943331681416885E-033
   34.300000496208668        1.8052301844448034E-033
   34.400000497698784        1.8149379310726723E-033
   34.500000499188900        1.8258970281711900E-033
   34.600000500679016        1.8368891860483246E-033
   34.700000502169132        1.8466817886746435E-033
   34.800000503659248        1.8577360273471810E-033
   34.900000505149364        1.8688235104693275E-033
   35.000000506639481        1.8787007854231041E-033
   35.100000508129597        1.8898503493406535E-033
   35.200000509619713        1.9010331577078121E-033
   35.300000511109829        1.9109949213180541E-033
   35.400000512599945        1.9222398104806155E-033
   35.500000514090061        1.9335177604217937E-033
   35.600000515580177        1.9435643800304856E-033
   35.700000517070293        1.9549044107670667E-033
   35.800000518560410        1.9662776859532570E-033
   35.900000520050526        1.9764089778894066E-033
   36.000000521540642        1.9878443338709996E-033
   36.100000523030758        1.9993129343022019E-033
   36.200000524520874        2.0108144118410287E-033
   36.300000526010990        2.0210593961214219E-033
   36.400000527501106        2.0326231381266438E-033
   36.500000528991222        2.0442201245814750E-033
   36.600000530481339        2.0545497811893258E-033
   36.700000531971455        2.0662086647685674E-033
   36.800000533461571        2.0779007927974182E-033
   36.900000534951687        2.0883151217327268E-033
   37.000000536441803        2.1000695142279727E-033
   37.100000537931919        2.1118569675018355E-033
   37.200000539422035        2.1223559687646017E-033
   37.300000540912151        2.1342055028338673E-033
   37.400000542402267        2.1460880976817498E-033
   37.500000543892384        2.1566717712719736E-033
   37.600000545382500        2.1686166305862512E-033
   37.700000546872616        2.1805945506791457E-033
   37.800000548362732        2.1912628965968272E-033
   37.900000549852848        2.2033028974851245E-033
   38.000000551342964        2.2153761428230310E-033
   38.100000552833080        2.2261291610681702E-033
   38.200000554323196        2.2382644872014794E-033
   38.300000555813313        2.2504330577843979E-033
   38.400000557303429        2.2626345054749409E-033
   38.500000558793545        2.2735013997353160E-033
   38.600000560283661        2.2857651118922542E-033
   38.700000561773777        2.2980618848278092E-033
   38.800000563263893        2.3090132677446497E-033
   38.900000564754009        2.3213723051465998E-033
   39.000000566244125        2.3337644033271668E-033
   39.100000567734241        2.3448004585714649E-033
   39.200000569224358        2.3572546375474348E-033
   39.300000570714474        2.3697420609730138E-033
   39.400000572204590        2.3808627885447696E-033
   39.500000573694706        2.3934122927657514E-033
   39.600000575184822        2.4059950414363424E-033
   39.700000576674938        2.4172004413355558E-033
   39.800000578165054        2.4298452708015496E-033
   39.900000579655170        2.4425231610461603E-033
   40.000000581145287        2.4538132332728315E-033
   40.100000582635403        2.4665532043128449E-033
   40.200000584125519        2.4793264198024676E-033
   40.300000585615635        2.4907011643565964E-033
   40.400000587105751        2.5035364606416219E-033
   40.500000588595867        2.5164050013762566E-033
   40.600000590085983        2.5278644182578430E-033
   40.700000591576099        2.5407950397878805E-033
   40.800000593066216        2.5537587220965349E-033
   40.900000594556332        2.5667554651838061E-033
   41.000000596046448        2.5783287580806285E-033
   41.100000597536564        2.5913875819633025E-033
   41.200000599026680        2.6044796502955857E-033
   41.300000600516796        2.6161376155198658E-033
   41.400000602006912        2.6292917646475518E-033
   41.500000603497028        2.6424789745538547E-033
   41.600000604987144        2.6542216121055924E-033
   41.700000606477261        2.6674710864782904E-033
   41.800000607967377        2.6807536216296053E-033
   41.900000609457493        2.6925809315088007E-033
   42.000000610947609        2.7059255474555184E-033
   42.100000612437725        2.7193034078518453E-033
   42.200000613927841        2.7312153900584983E-033
   42.300000615417957        2.7446553312502280E-033
   42.400000616908073        2.7581285168915669E-033
   42.500000618398190        2.7701251714256776E-033
   42.600000619888306        2.7836604378624193E-033
   42.700000621378422        2.7972287650777779E-033
   42.800000622868538        2.8093099082683540E-033
   42.900000624358654        2.8229404999501077E-033
   43.000000625848770        2.8366041524104782E-033
   43.100000627338886        2.8503008656494657E-033
   43.200000628829002        2.8624958848552776E-033
   43.300000630319118        2.8762546788896679E-033
   43.400000631809235        2.8900467173736673E-033
   43.500000633299351        2.9023264089069369E-033
   43.600000634789467        2.9161805281863392E-033
   43.700000636279583        2.9300678919153506E-033
   43.800000637769699        2.9424322557760779E-033
   43.900000639259815        2.9563817003004921E-033
   44.000000640749931        2.9703642056035233E-033
   44.100000642240047        2.9828132417917082E-033
   44.200000643730164        2.9968578278901421E-033
   44.300000645220280        3.0109356584381852E-033
   44.400000646710396        3.0234693669538279E-033
   44.500000648200512        3.0376092782972738E-033
   44.600000649690628        3.0517824340903289E-033
   44.700000651180744        3.0644008149334292E-033
   44.800000652670860        3.0786360515218871E-033
   44.900000654160976        3.0929041652179696E-033
   45.000000655651093        3.1056072183885275E-033
   45.100000657141209        3.1199379638929898E-033
   45.200000658631325        3.1343014028340842E-033
   45.300000660121441        3.1486982698957802E-033
   45.400000661611557        3.1615148317395894E-033
   45.500000663101673        3.1759737795966882E-033
   45.600000664591789        3.1904657882324038E-033
   45.700000666081905        3.2033672060746631E-033
   45.800000667572021        3.2179212955057815E-033
   45.900000669062138        3.2325084457155169E-033
   46.000000670552254        3.2454947195562261E-033
   46.100000672042370        3.2601439505613642E-033
   46.200000673532486        3.2748266096871038E-033
   46.300000675022602        3.2878973721842784E-033
   46.400000676512718        3.3026421121054208E-033
   46.500000678002834        3.3174195454631955E-033
   46.600000679492950        3.3305751639588201E-033
   46.700000680983067        3.3454150454539822E-033
   46.800000682473183        3.3602879877277612E-033
   46.900000683963299        3.3735284622218357E-033
   47.000000685453415        3.3884634852910175E-033
   47.100000686943531        3.4034315691388162E-033
   47.200000688433647        3.4167565322893561E-033
   47.300000689923763        3.4317870642745422E-033
   47.400000691413879        3.4468506570383452E-033
   47.500000692903996        3.4602601088453504E-033
   47.600000694394112        3.4753857824045562E-033
   47.700000695884228        3.4905445167423789E-033
   47.800000697374344        3.5057363118588184E-033
   47.900000698864460        3.5192596396810596E-033
   48.000000700354576        3.5345138829348865E-033
   48.100000701844692        3.5498008196253458E-033
   48.200000703334808        3.5634090034460369E-033
   48.300000704824924        3.5787583882738835E-033
   48.400000706315041        3.5941404665383624E-033
   48.500000707805157        3.6078331390155189E-033
   48.600000709295273        3.6232776654173853E-033
   48.700000710785389        3.6387556199398531E-033
   48.800000712275505        3.6525327810734749E-033
   48.900000713765621        3.6680728163913456E-033
   49.000000715255737        3.6836455451458485E-033
   49.100000716745853        3.6975075622779203E-033
   49.200000718235970        3.7131427391698106E-033
   49.300000719726086        3.7288109768403178E-033
   49.400000721216202        3.7427574826288550E-033
   49.500000722706318        3.7584878010947650E-033
   49.600000724196434        3.7742515476812765E-033
   49.700000725686550        3.7882829094682637E-033
   49.800000727176666        3.8041083695081933E-033
   49.900000728666782        3.8199672576687245E-033
   50.000000730156898        3.8358592066078726E-033
   50.100000731647015        3.8500040770681110E-033
   50.200000733137131        3.8659581068026619E-033
   50.300000734627247        3.8819451973158296E-033
   50.400000736117363        3.8961749237745180E-033
   50.500000737607479        3.9122240950830886E-033
   50.600000739097595        3.9283066945122606E-033
   50.700000740587711        3.9426209096274144E-033
   50.800000742077827        3.9587655898519893E-033
   50.900000743567944        3.9749433308551810E-033
   51.000000745058060        3.9893424019687848E-033
   51.100000746548176        4.0055822237673793E-033
   51.200000748038292        4.0218551063445907E-033
   51.300000749528408        4.0363386661146598E-033
   51.400000751018524        4.0526739968292587E-033
   51.500000752508640        4.0690420209804898E-033
   51.600000753998756        4.0836104367490088E-033
   51.700000755488873        4.1000409090376274E-033
   51.800000756978989        4.1165040747628781E-033
   51.900000758469105        4.1311573465298472E-033
   52.000000759959221        4.1476829603924854E-033
   52.100000761449337        4.1642416350337405E-033
   52.200000762939453        4.1789793954571749E-033
   52.300000764429569        4.1956001508938328E-033
   52.400000765919685        4.2122543344510922E-033
   52.500000767409801        4.2289412114449838E-033
   52.600000768899918        4.2437928478836542E-033
   52.700000770390034        4.2605421730149332E-033
   52.800000771880150        4.2773245589248292E-033
   52.900000773370266        4.2922606840199649E-033
   53.000000774860382        4.3091051507252636E-033
   53.100000776350498        4.3259826782091793E-033
   53.200000777840614        4.3410036593027649E-033
   53.300000779330730        4.3579432675820834E-033
   53.400000780820847        4.3749163039820033E-033
   53.500000782310963        4.3900217737320543E-033
   53.600000783801079        4.4070568909273771E-033
   53.700000785291195        4.4241247015593320E-033
   53.800000786781311        4.4393150273078330E-033
   53.900000788271427        4.4564452860771755E-033
   54.000000789761543        4.4736086056251348E-033
   54.100000791251659        4.4888837873720858E-033
   54.200000792741776        4.5061091877154478E-033
   54.300000794231892        4.5233680161794115E-033
   54.400000795722008        4.5387273192408432E-033
   54.500000797212124        4.5560482285002096E-033
   54.600000798702240        4.5734021985381929E-033
   54.700000800192356        4.5907892293547930E-033
   54.800000801682472        4.6062624084314606E-033
   54.900000803172588        4.6237118873854482E-033
   55.000000804662704        4.6411940597760681E-033
   55.100000806152821        4.6567520948511857E-033
   55.200000807642937        4.6742963480372083E-033
   55.300000809133053        4.6918740293438325E-033
   55.400000810623169        4.7075165530754154E-033
   55.500000812113285        4.7251563151774424E-033
   55.600000813603401        4.7428291380580862E-033
   55.700000815093517        4.7585565177881192E-033
   55.800000816583633        4.7762914214641658E-033
   55.900000818073750        4.7940597532608139E-033
   56.000000819563866        4.8098716216473122E-033
   56.100000821053982        4.8277016668973785E-033
   56.200000822544098        4.8455651402680463E-033
   56.300000824034214        4.8614618646529946E-033
   56.400000825524330        4.8793874188190652E-033
   56.500000827014446        4.8973460337637527E-033
   56.600000828504562        4.9133272468051664E-033
   56.700000829994678        4.9313479425452567E-033
   56.800000831484795        4.9494020664059485E-033
   56.900000832974911        4.9674888837032725E-033
   57.000000834465027        4.9835839727599221E-033
   57.100000835955143        5.0017332381946336E-033
   57.200000837445259        5.0199155644079619E-033
   57.300000838935375        5.0360951421210768E-033
   57.400000840425491        5.0543395491298080E-033
   57.500000841915607        5.0726170169171560E-033
   57.600000843405724        5.0888814506287209E-033
   57.700000844895840        5.1072213665534564E-033
   57.800000846385956        5.1255939759148241E-033
   57.900000847876072        5.1419432656248390E-033
   58.000000849366188        5.1603779557816095E-033
   58.100000850856304        5.1788460740589815E-033
   58.200000852346420        5.1952798524254617E-033
   58.300000853836536        5.2138100514982366E-033
   58.400000855326653        5.2323733113496283E-033
   58.500000856816769        5.2488919457145585E-033
   58.600000858306885        5.2675172863613530E-033
   58.700000859797001        5.2861760551287490E-033
   58.800000861287117        5.3027791781501446E-033
   58.900000862777233        5.3214996603709587E-033
   59.000000864267349        5.3402535707123744E-033
   59.100000865757465        5.3569415497322200E-033
   59.200000867247581        5.3757575408690385E-033
   59.300000868737698        5.3946065927844739E-033
   59.400000870227814        5.4134887054785261E-033
   59.500000871717930        5.4302901931716229E-033
   59.600000873208046        5.4492347540030626E-033
   59.700000874698162        5.4682120082711346E-033
   59.800000876188278        5.4850983519626813E-033
   59.900000877678394        5.5041380543681407E-033
   60.000000879168510        5.5232108175522170E-033
   60.100000880658627        5.5401816499002291E-033
   60.200000882148743        5.5593164938797082E-033
   60.300000883638859        5.5784843986378041E-033
   60.400000885128975        5.5955400869842662E-033
   60.500000886619091        5.6147700725377649E-033
   60.600000888109207        5.6340334862118652E-033
   60.700000889599323        5.6511736632147927E-033
   60.800000891089439        5.6704991576842957E-033
   60.900000892579556        5.6898577129324156E-033
   61.000000894069672        5.7070823785918084E-033
   61.100000895559788        5.7265033819773158E-033
   61.200000897049904        5.7459570787994554E-033
   61.300000898540020        5.7632666004572982E-033
   61.400000900030136        5.7827827454168252E-033
   61.500000901520252        5.8023315838129845E-033
   61.600000903010368        5.8219138503297453E-033
   61.700000904500484        5.8393372480028240E-033
   61.800000905990601        5.8589815953149876E-033
   61.900000907480717        5.8786590034057681E-033
   62.000000908970833        5.8961668897353121E-033
   62.100000910460949        5.9159063786214954E-033
   62.200000911951065        5.9356792956282802E-033
   62.300000913441181        5.9532716706142896E-033
   62.400000914931297        5.9731066684164772E-033
   62.500000916421413        5.9929747269972816E-033
   62.600000917911530        6.0106519579817410E-033
   62.700000919401646        6.0305820973579483E-033
   62.800000920891762        6.0505452975127724E-033
   62.900000922381878        6.0683073844956818E-033
   63.000000923871994        6.0883326654459087E-033
   63.100000925362110        6.1083910071747525E-033
   63.200000926852226        6.1262379501561119E-033
   63.300000928342342        6.1463583726803585E-033
   63.400000929832458        6.1665125906671913E-033
   63.500000931322575        6.1844440223050160E-033
   63.600000932812691        6.2046595864032823E-033
   63.700000934302807        6.2249082112801655E-033
   63.800000935792923        6.2429248662584248E-033
   63.900000937283039        6.2632359392726954E-033
   64.000000938773155        6.2835800730655829E-033
   64.100000940263271        6.3039572676370873E-033
   64.200000941753387        6.3220870639466132E-033
   64.300000943243504        6.3425267066555050E-033
   64.400000944733620        6.3629994101430137E-033
   64.500000946223736        6.3812136951090050E-033
   64.600000947713852        6.4017488467339011E-033
   64.700000949203968        6.4223163244534449E-033
   64.800000950694084        6.4406158327598708E-033
   64.900000952184200        6.4612457586168020E-033
   65.000000953674316        6.4819087452523500E-033
   65.100000955164433        6.5002927422152413E-033
   65.200000956654549        6.5210181769881768E-033
   65.300000958144665        6.5417766725397291E-033
   65.400000959634781        6.5602451581590858E-033
   65.500000961124897        6.5810653671640563E-033
   65.600000962615013        6.6019193716316129E-033
   65.700000964105129        6.6204723459074349E-033
   65.800000965595245        6.6413880638284097E-033
   65.900000967085361        6.6623375772119707E-033
   66.000000968575478        6.6809750401442581E-033
   66.100000970065594        6.7019862669812372E-033
   66.200000971555710        6.7230305545968332E-033
   66.300000973045826        6.7441079029910461E-033
   66.400000974535942        6.7628592419385693E-033
   66.500000976026058        6.7839990384701697E-033
   66.600000977516174        6.8051711610964176E-033
   66.700000979006290        6.8240077233843755E-033
   66.800000980496407        6.8452422941480108E-033
   66.900000981986523        6.8665106603742323E-033
   67.000000983476639        6.8854309766346863E-033
   67.100000984966755        6.9067610563143260E-033
   67.200000986456871        6.9281241967725825E-033
   67.300000987946987        6.9471297363734711E-033
   67.400000989437103        6.9685553249691151E-033
   67.500000990927219        6.9900139743433760E-033
   67.600000992417336        7.0091040026007299E-033
   67.700000993907452        7.0306243654284089E-033
   67.800000995397568        7.0521785237186741E-033
   67.900000996887684        7.0713530406324934E-033
   68.000000998377800        7.0929689123761768E-033
   68.100000999867916        7.1146178448984770E-033
   68.200001001358032        7.1338775851527309E-033
   68.300001002848148        7.1555889658124185E-033
   68.400001004338264        7.1773326725667538E-033
   68.500001005828381        7.1991101747836752E-033
   68.600001007318497        7.2184837910531650E-033
   68.700001008808613        7.2403230067235046E-033
   68.800001010298729        7.2621952831724611E-033
   68.900001011788845        7.2816533880984162E-033
   69.000001013278961        7.3035881126847601E-033
   69.100001014769077        7.3255558980497209E-033
   69.200001016259193        7.3450984916321414E-033
   69.300001017749310        7.3671287251344896E-033
   69.400001019239426        7.3891920194154547E-033
   69.500001020729542        7.4088191016543406E-033
   69.600001022219658        7.4309441093887238E-033
   69.700001023709774        7.4531029125856932E-033
   69.800001025199890        7.4728144834810444E-033
   69.900001026690006        7.4950350001314320E-033
   70.000001028180122        7.5172885775604364E-033
   70.100001029670238        7.5370853717962223E-033
   70.200001031160355        7.5594013973626141E-033
   70.300001032650471        7.5817504837076229E-033
   70.400001034140587        7.6016317665998741E-033
   70.500001035630703        7.6240425663983010E-033
   70.600001037120819        7.6464871616593140E-033
   70.700001038610935        7.6664529332080306E-033
   70.800001040101051        7.6889592419224618E-033
   70.900001041591167        7.7114986114155099E-033
   71.000001043081284        7.7340710416871749E-033
   71.100001044571400        7.7541506892511273E-033
   71.200001046061516        7.7767855676601797E-033
   71.300001047551632        7.7994535068478490E-033
   71.400001049041748        7.8196176430682668E-033
   71.500001050531864        7.8423480303933236E-033
   71.600001052021980        7.8651107438130279E-033
   71.700001053512096        7.8853601033738803E-033
   71.800001055002213        7.9081852649309721E-033
   71.900001056492329        7.9310434872666807E-033
   72.000001057982445        7.9513773354839985E-033
   72.100001059472561        7.9742980059570946E-033
   72.200001060962677        7.9972517372088076E-033
   72.300001062452793        8.0176700740825907E-033
   72.400001063942909        8.0406855187877218E-033
   72.500001065433025        8.0637347589554391E-033
   72.600001066923141        8.0842375844856876E-033
   72.700001068413258        8.1073485381068230E-033
   72.800001069903374        8.1304925525065753E-033
   72.900001071393490        8.1510806013772584E-033
   73.000001072883606        8.1742870639143982E-033
   73.100001074373722        8.1975265872301548E-033
   73.200001075863838        8.2207984366405590E-033
   73.300001077353954        8.2415003615264780E-033
   73.400001078844070        8.2648346590742697E-033
   73.500001080334187        8.2882027520846475E-033
   73.600001081824303        8.3089891656270319E-033
   73.700001083314419        8.3324189720908279E-033
   73.800001084804535        8.3558818393332407E-033
   73.900001086294651        8.3767527415320904E-033
   74.000001087784767        8.4002780569118907E-033
   74.100001089274883        8.4238364330703079E-033
   74.200001090764999        8.4447918239256230E-033
   74.300001092255116        8.4684126482214276E-033
   74.400001093745232        8.4920657986118798E-033
   74.500001095235348        8.5131064128076295E-033
   74.600001096725464        8.5368220113354691E-033
   74.700001098215580        8.5605706706419257E-033
   74.800001099705696        8.5816957734941407E-033
   74.900001101195812        8.6055061462540154E-033
   75.000001102685928        8.6293503144764762E-033
   75.100001104176044        8.6505599059851566E-033
   75.200001105666161        8.6744665223450049E-033
   75.300001107156277        8.6984054647995008E-033
   75.400001108646393        8.7197002796486158E-033
   75.500001110136509        8.7437016702404991E-033
   75.600001111626625        8.7677361216109993E-033
   75.700001113116741        8.7918036337601164E-033
   75.800001114606857        8.8132115899404980E-033
   75.900001116096973        8.8373415502270025E-033
   76.000001117587090        8.8615045712921239E-033
   76.100001119077206        8.8829977508129402E-033
   76.200001120567322        8.9072224853314797E-033
   76.300001122057438        8.9314810153126054E-033
   76.400001123547554        8.9530579488059178E-033
   76.500001125037670        8.9773781922404616E-033
   76.600001126527786        9.0017322311375916E-033
   76.700001128017902        9.0233943879713386E-033
   76.800001129508018        9.0478094056379175E-033
   76.900001130998135        9.0722582187670826E-033
   77.000001132488251        9.0940055989412641E-033
   77.100001133978367        9.1185161255238474E-033
   77.200001135468483        9.1430604475690167E-033
   77.300001136958599        9.1648915817156944E-033
   77.400001138448715        9.1894976172142819E-033
   77.500001139938831        9.2141367134914863E-033
   77.600001141428947        9.2360530709785986E-033
   77.700001142919064        9.2607546153931905E-033
   77.800001144409180        9.2854892205863992E-033
   77.900001145899296        9.3102568865582248E-033
   78.000001147389412        9.3322863853766037E-033
   78.100001148879528        9.3571164994858168E-033
   78.200001150369644        9.3819789396896774E-033
   78.300001151859760        9.4040936618484909E-033
   78.400001153349876        9.4290185501897390E-033
   78.500001154839993        9.4539772339935732E-033
   78.600001156330109        9.4761764448088521E-033
   78.700001157820225        9.5011968420661045E-033
   78.800001159310341        9.5262503001019738E-033
   78.900001160800457        9.5485339995737181E-033
   79.000001162290573        9.5736491710630055E-033
   79.100001163780689        9.5987981380148791E-033
   79.200001165270805        9.6211670608270579E-033
   79.300001166760921        9.6463777412323497E-033
   79.400001168251038        9.6716214824162583E-033
   79.500001169741154        9.6940748938849025E-033
   79.600001171231270        9.7193810832061986E-033
   79.700001172721386        9.7447203333061115E-033
   79.800001174211502        9.7672582334312211E-033
   79.900001175701618        9.7926591969845522E-033
   80.000001177191734        9.8180939560004694E-033
   80.100001178681850        9.8435617757950036E-033
   80.200001180171967        9.8662128172513798E-033
   80.300001181662083        9.8917430851833013E-033
   80.400001183152199        9.9173056792098705E-033
   80.500001184642315        9.9400419440066813E-033
   80.600001186132431        9.9656669861706379E-033
   80.700001187622547        9.9913250891132114E-033
   80.800001189112663        1.0014145842566488E-032
   80.900001190602779        1.0039866393646449E-032
   81.000001192092896        1.0065620005505026E-032
   81.100001193583012        1.0088525247614768E-032
   81.200001195073128        1.0114341307610733E-032
   81.300001196563244        1.0140189693701346E-032
   81.400001198053360        1.0163180159151522E-032
   81.500001199543476        1.0189090993379522E-032
   81.600001201033592        1.0215034888386139E-032
   81.700001202523708        1.0238109842492781E-032
   81.800001204013824        1.0264115450952816E-032
   81.900001205503941        1.0290154854875438E-032
   82.000001206994057        1.0313315032322514E-032
   82.100001208484173        1.0339416149698554E-032
   82.200001209974289        1.0365550327853210E-032
   82.300001211464405        1.0388794993956751E-032
   82.400001212954521        1.0414991620248795E-032
   82.500001214444637        1.0441221307319456E-032
   82.600001215934753        1.0467484055168734E-032
   82.700001217424870        1.0490841862603542E-032
   82.800001218914986        1.0517167058590207E-032
   82.900001220405102        1.0543525315355489E-032
   83.000001221895218        1.0566967611446763E-032
   83.100001223385334        1.0593388316349432E-032
   83.200001224875450        1.0619841347346749E-032
   83.300001226365566        1.0643368866778457E-032
   83.400001227855682        1.0669884345913162E-032
   83.500001229345798        1.0696432885826483E-032
   83.600001230835915        1.0720044893914657E-032
   83.700001232326031        1.0746655881965365E-032
   83.800001233816147        1.0773299930794691E-032
   83.900001235306263        1.0796996427539330E-032
   84.000001236796379        1.0823702924506043E-032
   84.100001238286495        1.0850441747567404E-032
   84.200001239776611        1.0874223467652477E-032
   84.300001241266727        1.0901024738851225E-032
   84.400001242756844        1.0927859070828590E-032
   84.500001244246960        1.0951725279570129E-032
   84.600001245737076        1.0978621325000912E-032
   84.700001247227192        1.1005551165894282E-032
   84.800001248717308        1.1032514067566268E-032
   84.900001250207424        1.1056494152323042E-032
   85.000001251697540        1.1083518767448447E-032
   85.100001253187656        1.1110577178036437E-032
   85.200001254677773        1.1134641751449677E-032
   85.300001256167889        1.1161761875491086E-032
   85.400001257658005        1.1188915060311112E-032
   85.500001259148121        1.1213064122380817E-032
   85.600001260638237        1.1240279755338230E-032
   85.700001262128353        1.1267528449074260E-032
   85.800001263618469        1.1291761999800431E-032
   85.900001265108585        1.1319072406989879E-032
   86.000001266598701        1.1346416609641913E-032
   86.100001268088818        1.1370735383708518E-032
   86.200001269578934        1.1398141299813971E-032
   86.300001271069050        1.1425580276698040E-032
   86.400001272559166        1.1449983539421111E-032
   86.500001274049282        1.1477484964442567E-032
   86.600001275539398        1.1505018715558671E-032
   86.700001277029514        1.1529507201622177E-032
   86.800001278519630        1.1557103400875669E-032
   86.900001280009747        1.1584733395591746E-032
   87.000001281499863        1.1609305635627748E-032
   87.100001282989979        1.1636997343797244E-032
   87.200001284480095        1.1664722112745357E-032
   87.300001285970211        1.1692480677156056E-032
   87.400001287460327        1.1717166793207293E-032
   87.500001288950443        1.1744987071071410E-032
   87.600001290440559        1.1772840409714144E-032
   87.700001291930676        1.1797611014421847E-032
   87.800001293420792        1.1825526801201969E-032
   87.900001294910908        1.1853474914076738E-032
   88.000001296401024        1.1878330742124875E-032
   88.100001297891140        1.1906341303137032E-032
   88.200001299381256        1.1934384924927805E-032
   88.300001300871372        1.1959325976316377E-032
   88.400001302361488        1.1987431311560569E-032
   88.500001303851604        1.2015570442267346E-032
   88.600001305341721        1.2040595982312384E-032
   88.700001306831837        1.2068796826472580E-032
   88.800001308321953        1.2097031466095362E-032
   88.900001309812069        1.2122140760112895E-032
   89.000001311302185        1.2150437113189095E-032
   89.100001312792301        1.2178767261727882E-032
   89.200001314282417        1.2203961044401880E-032
   89.300001315772533        1.2232352906394085E-032
   89.400001317262650        1.2260777829164906E-032
   89.500001318752766        1.2289235812714345E-032
   89.600001320242882        1.2314544206087548E-032
   89.700001321732998        1.2343063903090405E-032
   89.800001323223114        1.2371616660871878E-032
   89.900001324713230        1.2397010277585517E-032
   90.000001326203346        1.2425624748820408E-032
   90.100001327693462        1.2454274484885824E-032
   90.200001329183578        1.2479751855571959E-032
   90.300001330673695        1.2508461835722855E-032
   90.400001332163811        1.2537205611336337E-032
   90.500001333653927        1.2562768205362906E-032
   90.600001335144043        1.2591573694429806E-032
   90.700001336634159        1.2620412978959292E-032
   90.800001338124275        1.2646059326958358E-032
   90.900001339614391        1.2674960324941262E-032
   91.000001341104507        1.2703895118386753E-032
   91.100001342594624        1.2729626689726253E-032
   91.200001344084740        1.2758623196625161E-032
   91.300001345574856        1.2787652029618718E-032
   91.400001347064972        1.2813468824298652E-032
   91.500001348555088        1.2842560840113565E-032
   91.600001350045204        1.2871685182023126E-032
   91.700001351535320        1.2900843319395273E-032
   91.800001353025436        1.2926773255406474E-032
   91.900001354515553        1.2955993106232039E-032
   92.000001356005669        1.2985246752520190E-032
   92.100001357495785        1.3011260442503887E-032
   92.200001358985901        1.3040575802245457E-032
   92.300001360476017        1.3069924957449612E-032
   92.400001361966133        1.3096023870773744E-032
   92.500001363456249        1.3125434739431318E-032
   92.600001364946365        1.3154877934183539E-032
   92.700001366436481        1.3181062070848105E-032
   92.800001367926598        1.3210568448421683E-032
   92.900001369416714        1.3240107152089909E-032
   93.000001370906830        1.3266375042726971E-032
   93.100001372396946        1.3295976929216554E-032
   93.200001373887062        1.3325611141800784E-032
   93.300001375377178        1.3351964255778281E-032
   93.400001376867294        1.3381660181815929E-032
   93.500001378357410        1.3411389903316163E-032
   93.600001379847527        1.3437828240634095E-032
   93.700001381337643        1.3467619675587747E-032
   93.800001382827759        1.3497444906003986E-032
   93.900001384317875        1.3523966997294413E-032
   94.000001385807991        1.3553853941164070E-032
   94.100001387298107        1.3583773211128374E-032
   94.200001388788223        1.3613726276555265E-032
   94.300001390278339        1.3640362978544898E-032
   94.400001391768456        1.3670379226793145E-032
   94.500001393258572        1.3700426331768101E-032
   94.600001394748688        1.3727148257098169E-032
   94.700001396238804        1.3757258544894482E-032
   94.800001397728920        1.3787402628153381E-032
   94.900001399219036        1.3814208307455944E-032
   95.000001400709152        1.3844414104168262E-032
   95.100001402199268        1.3874652226975227E-032
   95.200001403689384        1.3901543129618225E-032
   95.300001405179501        1.3931844435246546E-032
   95.400001406669617        1.3962178066969516E-032
   95.500001408159733        1.3989152723585010E-032
   95.600001409649849        1.4019549538129336E-032
   95.700001411139965        1.4049978678768309E-032
   95.800001412630081        1.4077038558724238E-032
   95.900001414120197        1.4107530882184568E-032
   96.000001415610313        1.4138055531739546E-032
   96.100001417100430        1.4165199165667971E-032
   96.200001418590546        1.4195786998044306E-032
   96.300001420080662        1.4226405687147349E-032
   96.400001421570778        1.4257059641080917E-032
   96.500001423060894        1.4284317885708548E-032
   96.600001424551010        1.4315033553095534E-032
   96.700001426041126        1.4345781546577168E-032
   96.800001427531242        1.4373123545177295E-032
   96.900001429021358        1.4403934721480285E-032
   97.000001430511475        1.4434778223877924E-032
   97.100001432001591        1.4462205445818485E-032
   97.200001433491707        1.4493110661669541E-032
   97.300001434981823        1.4524049672983184E-032
   97.400001436471939        1.4551562118264179E-032
   97.500001437962055        1.4582562843031240E-032
   97.600001439452171        1.4613597363260887E-032
   97.700001440942287        1.4641195031882317E-032
   97.800001442432404        1.4672291265565382E-032
   97.900001443922520        1.4703419825343095E-032
   98.000001445412636        1.4731101247937021E-032
   98.100001446902752        1.4762292990536091E-032
   98.200001448392868        1.4793518528597746E-032
   98.300001449882984        1.4821283705164169E-032
   98.400001451373100        1.4852570956679242E-032
   98.500001452863216        1.4883890534288964E-032
   98.600001454353333        1.4911742403563759E-032
   98.700001455843449        1.4943123694626899E-032
   98.800001457333565        1.4974538781152624E-032
   98.900001458823681        1.5005987663140936E-032
   99.000001460313797        1.5033951204379060E-032
   99.100001461803913        1.5065461799820790E-032
   99.200001463294029        1.5097006190725106E-032
   99.300001464784145        1.5125054955303664E-032
   99.400001466274261        1.5156661059661399E-032
   99.500001467764378        1.5188299490113780E-032
   99.600001469254494        1.5216433478032773E-032
   99.700001470744610        1.5248135091306512E-032
   99.800001472234726        1.5279869030674898E-032
   99.900001473724842        1.5308086772566387E-032
   100.00000147521496        1.5339883894756130E-032
   100.10000147670507        1.5371713343040520E-032
   100.20000147819519        1.5400016308272444E-032
   100.30000147968531        1.5431907470010253E-032
   100.40000148117542        1.5463832427210648E-032
   100.50000148266554        1.5492220615783006E-032
   100.60000148415565        1.5524207286436819E-032
   100.70000148564577        1.5556227752553218E-032
   100.80000148713589        1.5584699695098072E-032
   100.90000148862600        1.5616781874667889E-032
